1000 9878
807 236
259 938
26 931
206 717
264 884
962 375
636 386
330 533
293 759
789 722
459 211
846 925
318 26
160 148
379 24
470 433
74 998
706 538
865 834
21 794
481 782
467 538
951 705
433 734
456 777
511 877
256 645
649 636
468 313
407 166
139 780
804 522
648 22
748 159
398 974
170 866
773 642
151 18
464 838
247 581
508 667
787 538
40 117
477 960
85 431
236 650
988 460
956 18
478 442
600 252
672 729
373 429
805 787
130 13
556 835
61 483
979 96
927 256
35 152
571 314
720 912
941 228
979 977
836 974
927 401
270 940
63 477
629 466
955 72
500 987
980 493
620 564
436 579
185 965
314 35
189 917
667 749
12 909
780 772
423 468
525 600
898 586
77 81
993 584
137 260
177 571
237 907
994 774
884 406
613 240
685 675
320 889
411 594
727 104
57 78
25 744
959 85
998 517
69 995
492 494
535 778
564 298
359 926
109 115
860 685
147 938
228 455
925 359
541 947
365 154
666 873
995 255
854 166
35 794
40 932
293 94
80 421
423 719
981 33
305 512
602 310
992 710
973 701
813 936
276 729
890 237
1 696
311 415
297 309
66 618
70 34
127 87
957 506
771 106
813 731
562 93
799 408
158 528
197 54
144 78
552 91
516 446
477 198
796 606
40 286
495 806
900 940
633 129
64 644
174 329
959 942
487 642
515 271
993 793
998 10
672 818
547 190
452 186
805 762
681 932
223 889
388 706
107 516
271 663
850 932
176 187
565 703
512 293
604 219
237 990
862 775
243 373
134 4
194 819
269 129
312 314
419 766
354 589
171 1
725 938
953 55
792 243
591 749
152 338
228 453
762 883
982 186
517 414
682 814
665 532
423 828
727 345
640 342
423 443
420 518
510 759
430 689
692 106
344 8
587 372
489 785
402 136
212 279
433 742
402 283
705 914
62 305
31 706
456 976
832 283
761 427
154 315
247 924
303 926
255 433
495 646
350 415
669 537
377 35
287 394
397 246
763 595
909 155
701 793
996 927
540 409
534 753
17 857
583 469
644 623
597 585
176 795
249 827
260 969
948 997
736 291
239 464
77 469
738 497
706 851
456 74
651 155
615 170
729 867
159 128
109 612
558 932
254 774
680 441
242 758
443 437
158 968
231 562
659 741
807 485
534 295
257 265
428 310
910 982
693 462
968 195
200 301
186 256
190 273
119 418
836 474
251 874
712 200
161 70
833 628
725 590
82 576
764 164
473 325
971 450
682 883
662 848
775 510
247 399
412 224
512 222
270 194
301 365
852 694
299 350
527 414
878 390
535 931
147 190
672 131
787 178
117 705
87 757
182 903
678 56
221 675
826 775
114 565
558 738
529 296
838 306
658 76
255 452
992 654
369 577
429 238
594 737
297 269
170 517
923 193
282 251
857 837
1 529
202 827
439 419
701 972
60 52
101 640
836 565
417 705
897 607
240 720
814 4
672 557
145 611
475 484
93 941
335 144
760 258
875 903
876 468
842 324
426 691
870 190
230 217
158 778
106 91
509 14
239 357
719 943
97 372
853 554
581 970
139 107
488 791
874 340
111 927
42 626
319 354
594 924
980 799
861 28
68 310
405 518
851 554
14 230
565 792
108 917
241 316
851 667
928 460
485 441
694 807
683 50
460 105
48 619
341 218
911 34
218 151
937 419
759 500
961 293
29 320
433 844
674 898
252 378
952 32
311 871
539 512
811 295
652 860
118 279
394 685
35 865
677 434
571 915
199 50
436 480
666 901
498 617
675 849
3 405
677 259
697 701
735 29
493 674
459 798
758 342
691 411
216 57
622 641
52 972
644 995
293 155
574 356
26 262
304 684
451 815
606 149
683 668
960 39
139 634
448 356
912 186
572 140
3 155
117 25
245 468
757 311
582 61
85 89
861 234
866 768
978 326
965 92
378 614
163 430
291 101
148 474
82 162
546 757
619 457
103 248
702 912
701 547
116 69
745 371
219 884
612 997
663 747
388 751
542 904
380 801
146 937
112 883
974 119
700 551
206 925
101 201
231 634
57 371
771 747
426 344
172 868
176 367
449 819
747 728
772 939
132 522
906 209
428 397
177 907
316 750
43 110
656 967
151 540
530 391
454 951
240 495
721 368
355 14
446 347
748 591
565 143
161 729
290 959
536 955
367 703
298 338
708 665
144 628
696 193
571 959
147 651
666 921
683 845
959 1000
247 778
408 782
255 271
460 593
762 945
763 360
670 740
231 278
565 466
364 245
607 75
169 481
836 88
377 6
801 740
217 493
701 899
338 363
89 555
823 400
473 644
574 273
140 4
549 160
572 7
69 11
550 586
76 793
610 289
538 2
301 168
253 239
225 431
2 839
444 720
945 925
414 488
987 294
385 230
538 804
564 804
840 4
457 397
479 531
650 269
86 659
641 70
864 777
93 601
193 416
48 326
56 849
437 92
39 184
466 700
677 822
659 279
434 906
493 149
510 781
991 663
441 778
426 94
178 751
929 45
983 342
34 651
401 404
77 807
596 809
276 36
75 900
905 99
507 246
218 335
222 821
556 667
652 858
839 260
334 659
659 98
171 95
34 914
251 378
14 10
717 633
204 908
523 768
160 298
307 429
206 553
117 270
173 620
344 166
930 885
454 95
222 203
264 423
801 95
353 25
960 111
754 850
486 991
549 243
254 331
516 268
738 172
665 597
334 291
500 207
118 650
456 322
892 53
571 500
844 768
150 241
888 368
997 562
192 423
712 702
427 262
202 704
645 834
23 978
868 999
713 212
487 673
549 422
610 738
646 512
143 108
666 38
121 722
730 544
451 65
826 127
551 906
445 675
727 205
242 40
704 893
627 714
467 949
466 672
748 739
471 721
316 662
722 625
65 914
872 30
321 264
657 694
911 201
569 34
720 82
105 514
507 146
541 956
717 827
269 574
132 119
575 429
190 901
66 239
764 506
101 206
806 243
703 204
194 331
201 573
169 31
957 238
886 188
388 319
445 442
953 760
819 245
861 626
339 686
937 2
352 558
615 551
134 990
636 514
50 413
339 905
838 477
287 361
344 817
993 388
919 116
486 171
540 335
779 513
502 454
219 732
297 558
10 593
412 873
344 591
733 459
816 409
339 340
548 32
741 593
558 121
742 490
234 372
379 752
25 219
382 485
378 446
221 635
746 8
253 8
880 766
275 666
628 116
861 757
387 872
82 368
543 13
447 440
730 516
740 265
864 834
831 262
651 222
836 424
696 635
536 484
498 83
595 579
674 78
858 275
570 143
686 729
281 271
564 417
592 986
498 821
543 577
892 101
454 584
825 164
365 35
230 728
796 355
834 42
484 759
782 314
218 263
294 112
612 203
705 831
429 663
636 209
679 359
743 688
815 295
88 982
839 93
223 743
696 377
463 889
411 210
37 15
627 812
320 910
944 782
669 559
122 428
412 568
126 620
680 235
400 208
282 220
446 843
605 450
399 903
573 164
173 342
710 327
233 507
123 955
563 203
836 427
840 444
953 877
280 155
917 280
116 471
706 873
391 193
513 507
699 464
428 499
542 638
428 74
746 370
103 328
966 718
621 902
58 443
465 942
172 822
21 422
798 166
362 740
76 442
332 780
940 211
893 848
363 942
950 412
371 767
264 643
392 344
263 463
530 738
747 872
677 785
345 472
826 265
829 950
830 369
872 420
937 939
532 83
152 743
544 697
247 118
527 416
288 948
824 153
906 387
925 357
303 305
730 207
511 690
41 354
283 173
726 115
907 823
412 463
394 846
640 618
938 899
58 541
636 868
503 447
568 508
967 12
1 781
790 527
733 334
83 761
744 733
528 538
122 81
784 692
359 348
658 149
491 108
883 926
221 283
795 84
559 183
665 321
429 814
909 484
490 300
342 709
978 521
219 559
154 455
743 267
879 827
184 850
538 353
64 504
266 620
305 962
527 683
756 710
166 753
595 481
762 370
193 693
379 858
31 189
88 551
258 331
101 441
733 164
348 198
296 569
741 617
392 824
798 480
668 227
883 248
673 522
76 591
572 580
167 864
320 953
941 377
11 252
381 741
841 701
310 808
974 451
834 686
690 906
489 731
522 83
959 506
318 502
381 590
256 259
647 329
206 523
281 880
748 654
180 98
401 395
40 725
546 767
299 372
212 563
928 174
904 221
99 467
755 415
26 699
390 342
166 119
354 143
579 986
618 892
982 501
52 890
271 408
796 432
338 667
669 757
302 262
498 507
973 863
153 598
355 408
467 306
943 565
616 165
519 824
648 447
61 214
335 491
562 285
688 928
999 816
875 238
343 972
89 661
911 993
787 596
672 163
596 204
211 166
529 253
288 685
257 978
184 878
296 872
79 103
597 289
652 253
72 975
474 943
680 14
387 704
651 447
500 127
961 763
84 894
233 348
873 713
56 328
736 293
618 650
665 239
576 478
723 33
897 908
914 866
612 815
822 829
712 925
289 700
860 13
309 305
662 383
242 756
208 428
779 49
177 359
819 784
881 907
55 322
93 523
873 63
871 540
693 460
474 402
111 91
464 100
969 624
924 422
190 217
137 467
674 154
399 119
117 828
190 168
212 992
290 514
536 214
845 372
955 796
551 623
635 800
851 991
798 698
711 399
288 47
397 707
380 413
493 922
482 493
817 876
359 561
640 675
273 974
563 168
598 118
655 501
126 663
273 95
351 802
647 881
445 441
620 361
883 74
341 376
257 739
518 998
353 346
869 818
766 982
2 345
701 89
204 663
870 750
500 270
176 588
382 814
521 534
875 91
468 339
719 282
150 35
687 75
909 931
100 663
14 893
625 850
756 140
249 582
15 897
555 660
229 138
599 711
693 447
495 431
81 47
488 55
682 563
60 995
721 991
594 359
8 542
280 291
279 197
798 101
765 398
949 199
293 611
422 329
466 645
51 529
54 388
42 436
815 808
440 404
178 692
711 482
177 847
678 745
626 54
934 327
243 762
227 193
565 436
289 486
396 86
829 740
170 419
946 512
285 914
344 466
74 711
421 114
903 946
354 183
714 951
291 602
644 94
478 12
943 66
66 914
697 556
628 832
856 961
810 501
813 978
631 847
796 800
744 625
619 911
325 776
510 849
316 395
541 894
533 676
145 291
737 841
957 324
814 183
909 161
747 687
443 51
979 101
75 561
328 145
625 749
650 930
376 125
413 520
180 821
839 710
823 221
112 663
793 922
560 297
558 410
941 114
549 382
873 469
547 427
860 245
510 426
86 37
404 19
833 871
6 187
129 665
286 91
253 854
539 302
256 26
673 847
413 76
417 9
401 652
54 326
898 760
224 637
929 150
935 88
320 747
906 174
927 756
756 634
316 607
372 835
570 898
46 509
665 901
63 323
156 39
798 754
105 729
660 759
577 571
368 389
960 601
725 471
339 516
744 906
442 775
51 41
92 971
844 346
294 895
813 933
887 340
84 167
925 567
674 761
839 209
70 472
728 767
122 449
947 144
142 434
787 571
918 275
576 166
524 702
936 966
505 424
715 301
767 264
896 684
413 951
438 807
844 798
851 74
116 764
249 796
175 524
197 196
714 510
736 282
901 205
709 57
89 884
716 138
510 228
537 456
59 924
997 766
485 385
837 389
694 310
188 751
686 346
769 30
534 286
449 602
376 998
162 97
954 901
646 983
30 440
181 52
533 463
938 401
759 747
850 709
67 181
747 855
128 351
807 177
366 483
834 881
212 973
68 553
994 523
776 899
464 310
726 178
583 735
235 629
986 167
458 476
129 724
201 659
468 789
584 598
535 521
204 831
190 894
13 799
217 188
146 128
406 694
182 783
190 713
153 592
809 977
166 342
193 340
191 737
677 170
905 599
853 361
502 329
88 173
238 310
433 448
278 94
338 333
908 193
639 233
469 737
255 144
844 947
370 890
595 271
919 197
559 424
671 674
54 672
131 697
266 912
267 425
859 563
35 85
805 953
534 105
930 913
957 622
357 802
712 783
361 423
269 620
988 68
845 973
629 854
442 32
23 605
63 912
854 869
729 864
169 667
128 255
310 235
224 872
498 331
599 659
36 992
894 501
56 529
807 486
100 378
980 774
483 503
54 159
129 884
920 105
741 511
501 890
281 561
29 979
582 737
110 166
916 477
129 997
42 334
595 534
523 277
82 575
963 986
267 595
566 149
980 68
795 693
51 421
950 615
644 438
4 789
299 339
566 439
751 889
846 679
151 951
958 61
725 286
138 558
433 694
910 384
70 685
971 178
169 140
239 727
632 862
190 794
798 597
974 542
107 996
492 102
40 895
978 797
740 716
942 640
891 872
305 589
537 810
312 627
795 110
335 345
549 947
696 473
588 671
666 753
23 76
226 184
120 683
356 811
823 421
376 388
247 643
305 952
987 676
650 828
758 821
81 822
12 1
658 527
309 961
805 972
7 382
892 932
706 771
619 494
396 311
434 638
426 702
653 177
374 812
233 200
271 554
756 60
28 580
45 233
778 354
915 767
383 903
443 466
963 267
584 244
638 907
684 87
189 879
355 603
930 51
687 459
114 174
205 197
501 862
800 555
680 182
133 905
155 577
180 436
111 348
99 316
940 414
318 30
428 865
241 19
557 675
82 837
929 836
967 772
142 915
237 487
972 158
298 381
688 557
49 817
658 186
621 385
792 635
353 411
209 735
139 768
620 319
878 643
613 638
192 950
246 121
526 95
507 527
347 998
222 246
83 332
710 347
804 276
168 78
593 787
64 111
396 102
439 384
232 784
784 903
862 320
274 985
150 204
447 538
841 75
201 228
149 908
150 191
334 392
63 714
500 944
179 669
435 775
901 882
73 316
489 50
254 242
201 454
479 683
357 203
346 380
76 697
922 465
542 798
409 642
867 60
820 612
413 218
452 352
384 960
154 758
963 116
985 972
414 828
646 658
880 412
458 711
310 620
591 533
243 443
855 128
693 37
496 405
350 984
995 261
88 743
547 544
239 918
493 976
646 308
710 533
891 69
268 938
15 577
74 617
934 499
437 569
630 418
389 934
726 113
623 491
494 565
260 149
557 937
265 761
737 425
580 196
740 644
248 570
28 264
443 712
875 374
36 771
773 738
596 315
245 147
209 997
835 825
340 121
748 14
36 914
628 980
327 613
620 80
253 537
623 943
41 845
83 70
72 654
732 937
918 114
979 931
660 249
984 682
72 804
236 623
664 552
98 520
410 444
666 611
513 453
452 23
591 419
556 413
519 299
906 700
673 671
546 391
781 214
902 732
641 441
881 796
721 747
707 936
130 495
102 930
450 387
286 37
362 695
935 648
684 392
500 729
393 801
868 769
509 789
916 75
756 266
124 468
760 845
542 133
195 506
656 632
200 388
128 417
403 233
811 164
566 925
775 257
464 9
228 114
981 540
356 967
267 566
660 967
897 403
607 291
265 89
69 963
859 289
592 932
539 687
901 460
354 427
657 600
44 611
604 539
655 968
385 833
523 551
835 473
194 499
303 215
234 976
277 1000
811 227
905 235
787 779
368 49
97 597
9 655
818 655
377 453
250 61
621 218
805 403
325 70
596 720
904 956
652 522
9 536
302 375
333 310
623 749
738 73
847 729
153 965
596 351
9 617
486 835
508 783
568 760
663 251
187 290
463 81
947 284
64 454
616 787
358 152
486 941
162 623
770 110
257 833
975 91
746 881
489 232
309 541
923 549
428 125
926 644
824 842
972 294
486 286
970 603
516 835
730 64
295 380
741 284
172 9
581 867
505 880
425 489
171 323
216 856
397 829
290 463
95 512
564 601
218 578
108 941
310 933
489 921
25 571
544 517
466 671
985 693
489 582
788 144
39 46
632 530
303 405
603 147
894 950
199 292
276 595
371 317
977 954
762 560
340 461
653 308
530 458
364 884
554 472
955 417
521 21
43 841
641 724
293 385
427 721
204 860
441 630
438 29
892 401
736 953
597 68
672 101
892 512
30 883
198 145
348 550
866 167
350 492
869 816
53 425
88 27
896 984
877 485
662 755
538 389
496 320
886 93
745 863
616 593
936 989
563 106
286 647
325 163
532 823
420 73
520 791
792 988
776 481
933 868
156 579
126 337
552 136
911 569
130 34
975 142
887 978
672 545
379 919
782 554
793 787
850 292
945 248
803 230
344 705
509 153
755 673
112 621
349 368
14 358
766 59
870 178
46 336
250 759
128 813
662 174
497 578
719 939
81 771
763 941
716 867
295 352
405 800
766 92
945 811
752 288
571 996
814 567
945 644
859 986
123 375
223 595
495 286
348 26
172 787
407 215
992 393
345 449
753 460
683 409
461 299
247 510
11 484
358 957
952 454
561 598
29 216
13 755
514 675
551 119
644 427
57 791
664 361
332 431
456 935
501 480
393 309
303 286
216 368
15 138
88 104
169 862
795 958
189 131
429 660
356 436
814 731
553 736
757 935
994 274
23 284
170 304
624 827
986 958
697 705
383 147
773 892
226 123
728 233
781 289
786 505
648 490
577 4
279 84
27 999
264 403
528 576
390 946
463 152
311 340
509 347
92 293
311 197
577 727
693 989
438 272
586 143
537 321
130 185
192 482
391 194
842 356
618 143
158 874
505 974
515 423
452 399
703 522
462 412
621 877
769 48
517 621
963 230
96 433
545 345
457 653
483 397
580 101
582 671
788 14
39 144
846 800
115 342
104 965
877 937
338 380
151 683
355 852
828 799
506 712
837 884
345 334
218 196
935 43
792 267
42 406
5 34
834 922
673 24
562 505
569 95
27 391
321 102
268 939
549 566
645 99
756 794
83 924
299 555
321 23
599 508
696 197
365 294
97 584
773 975
776 125
78 949
407 193
145 82
257 696
41 1
903 801
28 265
191 719
984 111
844 683
190 525
49 655
726 707
909 481
307 371
606 117
934 956
59 466
304 475
47 381
144 52
715 303
700 89
386 17
206 406
743 149
965 939
870 766
235 130
736 429
240 411
639 74
357 955
949 679
931 996
988 243
996 710
305 161
332 437
771 924
154 902
603 605
140 757
971 913
994 521
846 499
48 28
195 223
951 437
402 543
239 14
647 23
81 228
326 883
215 113
292 750
158 243
897 353
935 489
294 499
793 432
431 574
432 616
524 701
742 752
864 619
976 117
939 123
651 655
636 455
284 428
711 535
950 665
424 567
65 827
561 670
857 263
434 464
822 642
769 585
546 749
123 474
251 129
159 914
532 472
791 637
518 735
483 795
209 661
319 600
527 167
731 520
680 550
535 632
807 759
478 59
835 758
624 835
748 943
866 128
485 735
905 452
654 201
594 758
630 216
577 460
960 500
300 621
933 843
191 880
804 301
640 774
554 948
463 80
892 818
876 207
128 693
206 498
448 934
984 280
13 306
182 363
366 756
899 273
810 892
581 191
174 255
837 69
585 180
179 679
590 647
349 741
723 34
791 498
581 64
249 687
380 647
415 128
132 906
137 532
374 881
732 67
474 383
936 584
8 775
201 517
634 941
188 360
376 917
674 324
230 168
693 512
495 404
833 813
530 226
942 577
600 868
829 793
349 815
462 758
387 248
146 655
629 648
86 925
471 749
772 766
632 531
880 440
786 974
815 553
393 280
576 897
810 107
591 994
260 72
902 907
528 808
498 397
912 663
344 505
717 904
39 668
367 755
597 210
725 397
618 863
277 713
921 792
244 705
575 655
498 721
99 937
929 521
505 69
473 949
648 463
867 338
406 434
490 355
984 75
112 305
991 765
387 259
465 551
908 954
503 932
384 442
611 567
279 503
463 330
157 651
159 77
934 688
628 338
497 752
115 769
300 149
504 264
498 57
396 640
310 90
702 840
758 580
525 733
491 827
624 12
356 593
774 324
318 704
730 512
381 160
312 409
845 209
718 97
663 928
902 408
615 427
86 735
876 917
363 23
940 378
262 906
871 658
177 610
933 719
77 905
581 521
237 195
935 6
406 816
6 642
893 408
593 452
556 712
535 962
596 732
778 673
908 752
40 974
131 281
114 707
523 767
981 23
485 888
74 341
181 607
592 282
938 826
668 71
226 613
88 73
571 884
455 737
994 117
796 803
139 736
107 180
145 407
202 64
221 420
956 953
958 215
878 814
535 503
980 166
785 336
404 975
22 25
480 64
23 816
748 345
549 280
328 148
573 386
760 375
334 398
923 639
706 869
162 263
241 774
97 314
709 211
927 44
219 843
720 692
684 279
498 318
409 791
618 31
510 946
608 25
238 324
755 986
156 143
166 784
686 428
210 285
504 88
90 839
453 695
532 548
756 304
225 696
455 824
971 675
935 452
681 401
871 85
337 823
674 110
608 470
882 205
989 807
521 481
354 530
155 559
906 173
104 85
146 358
844 145
369 119
316 602
597 455
194 122
547 546
790 950
592 73
699 751
350 873
389 799
678 923
130 901
958 507
271 384
613 527
373 810
179 327
674 645
142 151
2 506
610 775
494 682
634 129
27 85
778 935
286 802
74 472
148 839
740 533
987 960
434 960
886 410
979 292
330 444
121 12
653 398
268 127
18 530
757 103
5 808
233 475
13 269
491 799
992 792
511 464
996 880
623 458
894 147
163 113
252 736
23 965
906 555
945 7
124 522
537 461
991 888
623 497
234 233
860 37
275 617
703 354
333 227
984 889
513 229
146 902
901 630
458 608
930 6
346 193
583 968
521 547
988 531
354 724
396 829
219 482
536 32
898 731
369 305
741 41
959 486
542 26
381 586
129 527
311 517
87 280
524 375
497 969
330 575
437 377
649 417
977 860
118 438
377 632
13 570
252 328
365 231
347 612
187 779
27 354
530 375
697 286
138 83
811 354
727 375
411 112
817 981
787 781
488 148
478 56
631 18
530 103
411 225
681 131
990 919
242 984
412 717
839 182
625 366
183 690
22 884
120 658
482 777
890 122
641 942
948 606
398 571
438 996
849 963
614 589
616 646
641 991
70 147
65 920
339 206
983 649
896 651
453 186
805 981
991 958
499 276
63 703
926 635
785 425
864 494
662 17
335 811
284 815
949 555
896 425
658 712
896 90
22 291
447 306
323 992
570 291
788 350
457 618
831 408
907 120
141 768
868 659
190 483
300 359
802 225
147 300
720 410
774 123
651 972
945 751
964 285
622 337
642 521
536 60
741 77
446 171
214 199
989 879
424 901
602 996
272 279
104 173
17 522
270 196
454 609
475 518
608 720
647 574
24 207
255 543
777 97
248 807
28 61
587 278
164 557
539 427
702 37
902 539
359 642
749 502
731 535
879 181
341 848
957 233
5 684
759 189
562 731
504 623
472 461
112 84
790 459
763 279
656 191
469 416
677 75
914 367
308 994
451 589
59 428
576 882
558 966
926 810
213 939
476 307
187 320
683 711
191 996
451 599
303 670
749 570
808 20
774 761
671 643
174 169
379 937
487 482
762 308
590 625
956 363
480 20
170 117
444 550
410 498
965 132
307 977
660 470
771 983
423 344
686 294
145 784
936 549
846 40
561 136
639 53
309 386
662 398
924 737
764 992
394 128
287 607
401 676
399 177
437 110
704 815
215 456
894 758
551 787
937 651
355 826
170 141
209 417
857 461
181 779
648 893
310 673
494 450
691 594
511 645
811 285
487 189
998 973
131 428
329 518
91 675
165 232
882 874
604 725
946 399
675 855
17 417
773 890
922 676
705 92
247 941
621 160
52 685
292 380
554 875
832 345
596 290
852 148
302 173
107 183
311 289
76 865
732 593
684 972
927 376
183 920
866 794
729 530
144 488
384 391
296 691
335 882
687 393
340 548
650 765
543 206
410 470
709 210
196 59
923 675
550 770
723 330
704 170
724 608
85 734
871 979
729 974
894 304
827 361
632 255
831 289
742 836
524 399
262 887
48 303
105 274
218 83
401 529
217 193
555 176
497 168
996 70
212 949
657 625
233 519
15 123
91 993
252 907
789 608
904 214
762 630
194 490
982 115
783 70
960 279
94 339
166 76
313 520
186 774
423 631
564 87
674 531
524 258
91 655
701 330
630 464
577 196
730 490
804 597
255 309
848 913
563 134
680 874
74 473
274 647
478 383
740 534
135 714
317 803
890 103
819 417
553 616
967 297
866 988
667 21
170 967
409 261
620 83
348 438
676 333
269 785
993 455
153 776
563 981
510 14
899 311
172 371
767 718
760 148
617 292
965 203
608 984
744 312
67 381
448 745
309 728
578 787
194 616
613 212
381 246
110 428
807 510
526 783
246 828
600 650
858 434
968 174
417 184
436 844
968 829
551 842
104 35
561 924
752 895
935 120
464 411
133 95
541 114
744 98
816 607
928 377
434 932
423 906
652 848
318 164
29 271
877 75
768 385
678 387
844 404
441 607
545 849
138 665
472 67
860 942
454 750
191 668
31 715
466 654
476 522
559 225
503 527
619 558
278 227
619 843
946 185
677 39
773 596
317 952
780 304
107 12
420 423
611 908
597 737
254 304
795 645
201 208
935 869
809 401
115 950
482 731
121 265
569 797
822 697
144 304
756 181
900 911
940 844
74 981
870 149
48 220
512 587
987 491
514 25
897 903
923 727
67 345
504 349
380 752
915 743
37 877
480 710
724 553
621 819
582 190
972 547
519 46
682 241
638 994
197 760
994 854
495 263
22 492
532 329
618 578
897 323
898 25
459 350
498 184
315 978
212 894
825 33
955 834
501 664
122 623
566 280
475 537
208 892
906 501
658 274
949 305
734 569
666 825
539 573
578 477
929 813
423 903
635 5
749 501
252 563
643 408
899 802
972 340
102 414
147 566
442 682
887 280
653 832
636 536
456 578
610 191
404 738
913 535
830 936
102 121
532 818
737 800
458 662
766 693
179 999
166 675
291 704
260 684
923 484
656 217
322 997
325 450
167 565
172 386
552 425
16 953
176 284
499 96
552 283
802 945
304 10
345 778
987 503
753 210
206 25
318 631
304 33
68 26
163 870
3 753
940 86
703 753
263 336
780 638
394 129
141 948
54 383
367 236
836 211
888 846
255 847
327 690
897 431
591 573
975 914
9 191
318 435
419 780
230 909
665 548
100 207
122 899
178 689
623 607
893 406
886 130
437 688
86 417
321 159
610 543
670 465
708 684
621 125
786 210
471 838
792 639
117 686
522 680
155 385
835 547
914 174
990 989
867 146
170 718
486 556
143 529
772 167
166 402
669 553
715 439
588 703
24 866
244 965
245 44
451 677
218 687
823 389
75 933
776 384
547 479
589 840
770 162
96 469
667 854
719 695
871 14
853 527
730 691
880 931
934 704
79 203
529 986
277 52
504 294
475 231
96 240
29 708
376 864
855 344
470 958
660 346
202 996
171 383
154 579
567 501
682 641
111 41
239 100
387 84
774 177
280 149
444 920
713 577
200 364
128 473
437 65
495 319
545 264
181 15
323 358
697 181
683 390
26 911
354 528
392 301
178 706
195 288
103 923
697 38
570 769
642 971
167 108
5 47
743 927
246 669
748 567
530 510
802 379
159 810
482 319
281 952
86 165
325 659
90 296
952 195
434 854
312 866
721 109
136 48
321 20
263 905
911 813
213 159
70 888
994 420
83 767
924 479
736 479
583 58
752 254
784 907
701 43
648 393
465 835
320 74
528 687
946 146
250 263
630 833
191 942
305 875
417 785
610 470
690 30
653 106
107 432
951 325
664 701
344 919
187 460
164 824
396 356
644 514
224 99
650 579
49 72
935 221
895 265
383 613
168 618
496 855
996 592
764 724
680 246
970 547
573 646
298 584
206 81
337 230
409 753
855 380
882 442
662 452
276 7
354 867
449 605
157 260
158 103
825 810
348 401
43 165
744 310
121 793
124 456
307 728
517 949
384 863
901 278
920 660
462 520
946 897
659 284
938 301
846 182
178 742
33 233
159 889
368 760
973 277
800 821
798 832
69 848
216 444
550 623
97 655
152 632
912 686
126 786
162 757
290 986
990 891
424 344
871 138
557 888
905 239
264 225
449 187
363 349
92 821
882 691
421 53
297 127
736 768
184 423
592 484
81 907
191 748
430 428
827 552
277 583
562 279
992 97
630 569
108 205
553 104
511 144
204 783
386 65
95 465
614 579
596 202
961 979
174 32
526 309
31 889
924 870
638 217
171 874
153 235
631 592
409 145
232 876
789 446
572 34
25 417
604 371
987 637
624 401
955 27
115 806
956 304
371 208
779 329
10 279
497 627
326 600
645 988
925 708
977 297
391 916
784 368
432 205
497 555
261 440
44 56
529 716
101 369
509 836
627 161
845 810
684 104
797 647
120 413
470 849
641 187
792 57
976 822
803 667
695 409
474 15
822 435
185 80
773 319
372 738
856 795
484 996
712 351
290 886
114 105
901 411
250 914
337 654
925 5
584 665
397 620
346 884
772 648
321 178
798 700
144 661
968 647
772 287
96 962
170 457
958 38
601 875
210 299
109 196
702 750
866 321
406 740
706 438
869 602
193 233
411 94
319 633
108 508
904 907
56 287
222 396
303 581
943 436
800 174
479 119
431 128
142 333
473 954
771 383
368 160
739 435
745 946
981 338
585 537
602 665
424 225
528 759
27 3
329 164
811 831
5 989
50 246
128 660
280 591
165 918
788 943
607 575
738 314
850 288
633 208
687 503
908 448
712 705
969 246
408 162
694 320
806 910
54 931
1 213
917 495
811 548
797 585
500 895
970 250
547 126
478 328
552 712
314 135
63 768
755 234
29 656
965 420
352 701
388 529
116 958
967 703
256 163
648 741
727 95
312 250
388 823
418 376
513 894
904 429
924 816
172 557
928 307
160 173
938 116
556 715
671 439
186 66
717 984
563 398
104 425
330 140
19 320
238 948
588 986
57 614
539 294
899 174
308 148
708 867
134 957
818 802
250 224
657 96
17 193
933 499
936 425
37 472
11 559
374 321
468 270
288 636
382 844
473 688
376 421
72 958
189 407
534 200
993 42
80 909
192 375
836 928
139 336
175 630
162 606
141 386
63 418
589 728
75 642
775 711
707 661
45 38
508 384
749 830
589 681
805 636
510 242
112 653
542 609
17 526
896 403
471 253
681 951
77 358
137 593
780 829
505 835
614 440
758 726
16 609
557 318
794 528
198 996
453 837
555 293
965 34
25 582
523 195
217 750
290 354
227 484
902 165
599 37
468 537
116 467
604 925
94 567
241 840
481 914
961 360
986 205
950 544
973 493
494 476
189 306
331 830
137 207
395 690
855 978
759 65
568 148
506 25
344 436
930 647
554 43
458 132
477 744
133 428
174 696
450 544
400 277
129 502
369 944
577 75
596 465
227 302
725 51
302 348
782 938
30 847
2 360
244 939
409 410
563 57
718 855
683 752
740 999
671 551
359 59
606 8
79 904
13 266
92 261
205 610
900 518
206 261
487 292
594 850
28 997
15 854
141 567
474 756
770 425
898 146
883 336
417 428
615 185
525 657
653 476
306 713
475 194
681 915
774 401
480 316
98 871
931 945
712 947
2 609
632 174
9 395
780 944
270 546
591 470
39 589
560 10
266 397
530 686
266 755
186 740
918 669
594 597
768 246
657 706
674 224
379 106
968 541
809 543
661 486
76 10
506 164
296 501
403 315
132 155
189 342
394 666
367 731
578 102
891 981
907 840
71 39
221 598
739 9
999 587
946 341
195 859
456 985
184 424
630 173
740 677
597 28
30 862
448 109
942 721
93 533
287 492
969 669
901 600
554 801
187 712
779 908
874 514
396 84
52 534
19 711
67 799
879 868
951 315
37 471
598 664
603 878
987 719
126 137
932 68
996 359
934 702
244 220
500 70
466 50
654 521
949 647
362 99
54 853
663 325
651 261
11 930
526 478
638 183
2 803
149 48
881 819
399 440
612 933
792 266
814 685
836 45
450 480
512 363
585 363
638 312
148 111
77 191
354 772
872 729
48 395
525 919
487 780
190 369
174 731
525 1000
358 571
290 315
879 111
111 209
459 336
974 337
724 467
851 717
308 139
716 312
475 746
313 251
506 268
633 977
455 181
937 590
534 888
685 26
8 470
463 734
800 850
13 603
665 872
208 781
636 197
854 116
861 680
42 140
351 154
906 128
329 504
511 960
38 464
189 92
249 305
122 33
1 846
662 517
477 833
117 490
468 132
434 52
752 7
793 587
222 175
153 932
116 360
288 593
244 165
678 498
183 768
867 423
430 171
942 34
774 765
537 767
757 92
723 228
904 417
412 865
987 555
914 671
75 340
330 470
816 401
115 973
756 139
991 812
336 566
492 449
732 140
950 255
435 862
77 321
153 401
617 852
708 421
283 786
250 867
82 360
944 19
264 139
766 198
660 311
557 217
427 60
245 861
817 372
604 148
72 317
661 203
759 568
320 791
826 381
186 668
595 568
137 496
947 547
983 417
416 169
859 427
955 704
5 201
155 756
122 897
763 855
285 841
712 459
821 183
470 463
773 52
151 608
557 669
527 453
747 884
694 606
420 583
592 240
209 576
374 154
989 470
464 530
340 141
634 719
643 502
723 580
423 690
84 138
739 430
75 934
377 113
409 77
83 451
466 329
375 352
896 808
878 854
371 508
853 668
949 523
140 25
245 628
70 222
684 606
847 434
206 302
779 690
186 913
849 554
978 462
193 850
386 475
353 660
50 588
769 154
453 401
883 228
828 675
152 132
614 84
997 852
157 397
855 346
668 831
1 971
654 914
381 901
555 407
65 647
266 406
160 637
309 20
4 550
859 170
697 187
223 451
995 442
225 926
501 685
349 500
398 453
934 267
76 231
556 793
481 913
778 367
526 961
69 890
432 687
246 258
841 862
308 353
347 653
880 471
155 510
283 165
764 314
454 846
959 531
606 348
303 908
883 870
762 41
819 418
805 219
183 731
353 244
62 716
247 720
273 181
558 876
338 243
250 487
555 934
367 167
280 648
139 383
768 621
932 432
863 336
334 494
942 233
750 822
589 588
366 575
24 316
483 865
10 371
46 653
413 918
953 385
880 687
745 231
854 963
822 771
710 551
381 243
38 700
457 707
702 663
43 278
355 520
91 161
621 989
3 856
264 728
872 269
708 147
641 206
56 858
927 576
734 806
309 153
276 982
734 945
790 999
646 379
273 614
759 262
172 758
673 63
839 366
153 835
313 440
665 915
977 993
138 565
169 153
920 639
472 126
690 768
536 527
153 685
226 77
597 170
603 899
653 712
530 21
679 946
882 512
556 892
924 317
726 881
32 877
434 17
606 203
537 269
460 765
763 508
197 510
934 989
799 465
144 21
953 993
951 314
623 969
853 596
1 301
386 353
760 324
63 699
407 533
581 186
932 468
145 526
348 51
903 341
392 845
107 700
309 648
721 696
559 516
599 240
124 665
817 456
215 306
767 993
825 618
542 969
638 918
273 662
508 175
917 171
817 335
108 788
16 682
422 714
725 995
401 589
778 453
981 570
84 643
677 721
569 440
273 523
73 777
647 677
6 311
137 36
712 464
696 821
647 570
192 532
855 823
824 89
938 944
670 430
219 979
583 891
956 844
411 193
236 90
386 769
593 927
615 606
302 149
877 479
292 427
420 224
38 142
852 227
193 442
321 621
895 143
128 743
975 231
414 435
227 583
965 989
734 154
115 998
794 215
316 279
28 643
50 839
355 176
680 210
426 790
166 1000
193 885
231 789
289 630
771 71
163 13
387 949
10 440
158 880
634 576
419 356
172 84
175 803
399 415
58 31
663 590
997 896
263 316
993 569
264 513
979 634
195 43
640 172
489 266
608 336
286 946
167 945
388 930
285 539
417 483
636 294
546 26
324 732
18 419
881 649
4 722
759 680
61 25
384 648
994 603
26 985
834 944
484 873
468 630
622 83
923 860
772 366
664 367
518 382
155 356
851 899
670 325
354 840
624 595
753 177
679 137
863 444
920 520
649 78
498 524
136 23
373 962
178 910
624 674
217 76
201 631
950 868
166 183
134 657
302 471
929 703
382 513
504 73
146 195
511 999
773 870
961 206
803 329
338 490
197 293
212 342
643 151
455 621
991 335
313 940
652 351
412 465
709 666
733 260
239 719
554 905
945 316
424 509
322 853
841 227
991 621
411 566
818 149
124 908
396 323
993 153
956 267
780 217
732 226
153 451
137 966
245 621
103 323
555 744
628 34
498 315
831 591
61 868
175 967
396 560
271 644
723 319
137 672
11 203
953 326
662 430
367 156
24 110
423 94
648 383
180 369
841 537
346 153
42 382
243 275
800 590
466 718
621 538
415 292
609 902
613 118
820 816
103 916
772 691
42 400
635 570
63 506
484 781
964 631
307 780
492 368
790 843
481 513
27 413
389 798
494 955
929 889
520 266
544 528
502 40
568 22
606 434
938 904
248 722
501 224
751 896
692 191
472 26
109 795
352 624
100 546
429 916
361 998
783 401
363 144
164 327
184 637
418 635
799 623
783 518
454 504
634 108
303 749
876 225
143 788
297 476
454 544
101 718
942 12
157 812
306 274
572 25
98 656
300 820
173 194
534 69
827 205
404 874
546 559
893 836
785 593
509 91
770 423
955 97
704 431
651 360
301 815
413 917
819 910
42 929
798 889
11 102
489 416
44 411
862 867
284 533
877 626
896 159
646 975
996 256
742 868
146 677
76 294
446 176
696 683
377 547
947 538
964 452
413 330
381 566
4 825
136 733
835 305
673 62
659 255
769 579
382 219
613 844
624 667
934 22
41 325
578 100
959 929
621 66
16 822
570 640
282 968
397 9
398 994
628 785
511 959
536 703
204 533
244 538
317 447
299 811
58 992
861 917
32 989
676 286
663 240
114 889
723 861
960 121
724 2
196 699
79 983
804 442
809 260
3 221
814 247
794 686
909 225
468 439
288 789
861 472
323 815
572 61
59 210
118 563
175 552
607 597
595 117
559 662
893 872
641 365
512 964
970 755
241 705
441 263
617 894
457 597
289 843
630 474
443 462
262 134
284 970
837 754
694 133
740 270
971 768
681 798
186 420
741 406
427 978
618 483
177 751
548 458
666 966
256 218
976 809
703 814
156 419
673 783
855 99
986 510
879 105
347 264
845 9
475 50
191 107
308 149
570 864
613 910
426 56
412 251
721 293
331 590
928 153
363 540
952 15
887 65
49 781
71 116
952 254
369 796
726 944
911 870
327 159
577 128
62 472
619 525
302 299
819 255
773 658
245 163
230 569
800 272
752 57
738 100
421 264
961 771
46 629
377 196
219 108
680 949
956 2
300 692
151 480
944 634
1000 838
917 227
381 529
804 478
491 845
702 587
809 352
478 597
951 536
782 557
698 552
165 533
448 567
214 862
106 63
114 151
434 630
920 30
538 64
104 532
11 960
463 16
129 29
497 635
280 927
944 970
292 590
94 594
233 978
768 995
711 137
439 542
211 999
932 909
277 795
466 747
604 773
532 90
664 82
226 607
582 719
670 168
971 411
518 492
575 21
323 428
165 433
592 99
593 318
96 882
298 210
339 201
197 440
752 409
887 37
436 906
602 439
425 216
701 289
279 299
964 833
372 767
825 509
717 567
131 172
35 584
902 155
182 745
19 547
26 48
580 980
946 234
784 721
607 233
98 427
67 840
732 558
235 14
933 321
663 56
701 997
887 542
139 452
657 391
269 889
166 707
97 74
387 754
960 208
562 60
49 471
384 412
37 638
941 216
118 635
993 777
709 451
414 507
571 20
3 576
985 826
742 565
932 707
581 804
195 121
219 111
883 4
367 159
560 97
515 342
375 864
12 752
474 83
937 857
994 794
445 594
137 385
835 54
751 106
739 594
99 755
420 383
416 183
271 123
679 78
293 671
973 365
796 298
635 882
378 265
151 903
416 38
124 980
982 542
592 79
129 397
761 712
703 213
63 330
599 260
814 939
176 475
489 801
678 925
939 323
674 556
291 656
401 80
852 541
961 56
692 184
605 745
817 24
334 897
521 12
464 911
943 105
602 685
396 220
70 911
588 840
905 961
390 774
212 84
912 258
325 211
142 443
567 236
808 179
790 359
352 351
514 24
153 866
784 844
676 330
608 512
921 357
598 627
379 999
689 3
839 639
452 82
954 487
593 655
278 917
542 678
361 289
510 130
865 113
900 912
935 930
438 94
96 33
520 643
965 327
906 823
687 872
29 676
180 560
253 454
237 577
128 155
168 652
237 666
10 83
696 590
915 940
293 960
111 73
459 472
388 980
580 64
70 794
52 409
842 839
539 921
246 979
600 941
768 201
623 83
971 466
552 816
792 255
167 201
358 892
513 699
237 133
238 166
111 412
80 192
868 57
373 581
123 98
285 783
622 8
147 978
597 342
7 710
187 561
369 887
703 350
952 27
601 188
857 42
584 942
476 656
829 404
244 756
709 942
529 312
251 484
89 449
805 411
455 278
733 67
541 433
122 123
875 364
805 108
679 519
294 739
867 319
870 578
653 936
463 771
692 946
896 867
804 340
88 293
491 864
511 365
886 363
466 414
144 422
733 508
520 577
707 705
173 37
789 396
620 850
57 430
222 754
693 761
799 134
819 636
823 28
390 159
563 59
859 808
36 449
93 656
558 330
138 433
376 924
609 370
955 362
432 813
696 618
418 240
114 131
66 318
489 701
320 701
941 629
726 501
393 39
474 1
272 996
742 611
416 255
568 685
642 332
388 125
543 764
369 130
521 29
853 208
382 664
273 964
357 750
169 251
763 207
981 124
764 380
697 685
233 660
574 229
388 290
83 714
389 631
805 447
753 838
848 606
388 672
192 978
231 339
748 63
23 226
382 965
899 199
594 725
303 695
136 697
728 51
664 480
197 464
144 228
533 662
130 395
583 284
977 815
329 57
559 343
127 881
372 104
598 663
301 84
487 361
623 227
81 341
239 592
135 205
194 651
121 409
339 462
970 532
658 536
149 81
557 52
120 223
818 156
488 771
326 938
289 854
534 364
920 176
708 55
637 503
530 979
472 886
917 205
485 203
492 729
555 979
295 126
428 413
142 727
761 977
206 734
190 227
263 621
860 559
406 971
744 16
450 903
782 445
469 978
721 256
189 298
9 924
941 891
327 92
791 589
630 607
942 971
619 714
958 337
688 693
808 671
285 537
587 441
983 966
755 696
60 287
671 443
857 915
217 9
537 781
127 690
648 402
317 793
523 978
733 187
969 346
515 376
166 486
922 832
706 555
175 284
549 47
662 774
165 726
387 356
154 25
580 538
905 880
802 524
529 844
501 321
589 724
145 571
555 972
754 961
521 100
193 855
34 469
163 43
862 619
756 234
519 318
112 741
214 746
290 186
615 230
854 954
195 235
250 898
676 890
310 168
242 818
149 230
388 610
480 643
635 713
810 161
608 143
347 85
834 577
7 793
625 902
638 654
952 379
163 756
113 769
647 350
371 633
124 135
976 16
632 594
961 364
262 651
986 201
937 395
935 176
973 509
846 629
61 771
796 346
69 776
879 375
952 200
665 805
226 821
597 290
801 293
928 668
613 520
585 763
549 784
572 471
403 622
870 724
669 663
529 492
326 26
934 626
843 229
770 865
319 840
169 382
310 844
136 625
447 835
429 180
840 741
732 563
847 757
934 519
619 131
303 604
217 385
410 274
638 268
675 258
948 790
852 400
115 849
561 415
291 896
357 820
895 308
286 863
914 885
187 221
244 410
724 940
980 534
598 973
503 940
715 867
884 170
82 412
867 341
76 578
702 666
370 355
208 330
560 191
157 287
16 577
200 318
741 449
63 213
210 395
270 465
937 853
366 126
39 172
612 370
926 252
158 266
186 595
151 711
742 580
769 363
39 402
302 704
289 459
113 15
496 145
133 234
911 927
147 834
6 402
114 691
407 140
284 249
958 361
599 113
910 204
17 99
819 263
991 483
321 789
786 313
736 756
93 265
518 896
357 660
620 30
933 439
311 359
277 435
575 966
748 316
301 333
601 383
913 843
74 217
2 106
576 11
45 840
12 23
32 701
366 764
701 669
483 928
67 545
419 252
737 105
211 55
477 430
63 565
45 106
600 479
908 424
914 857
917 470
850 91
854 883
390 715
840 221
794 690
867 984
375 517
177 668
196 136
180 533
898 404
9 427
962 579
983 187
986 333
474 409
756 375
160 952
364 568
513 487
704 841
228 31
670 178
489 589
151 747
280 496
892 85
251 71
267 730
933 565
284 63
285 786
748 907
179 384
751 752
240 178
230 989
838 303
674 708
736 250
861 582
255 459
155 217
884 520
776 283
10 867
154 497
909 33
468 247
70 103
867 926
165 219
996 977
886 453
16 47
453 246
606 964
618 956
439 39
136 920
452 946
142 269
36 177
408 312
942 181
448 521
12 138
120 180
418 849
400 684
386 499
346 465
888 7
603 620
128 806
681 606
367 423
10 310
310 205
385 314
115 39
975 725
176 225
251 551
859 932
916 165
295 232
561 786
745 77
29 796
622 389
931 480
419 247
108 496
755 228
613 206
320 875
194 844
926 165
252 58
74 822
551 776
807 226
938 351
675 31
955 830
907 712
838 828
919 661
99 294
704 964
155 712
484 788
994 713
578 392
890 406
526 920
229 568
178 570
821 804
814 714
787 108
198 172
518 268
425 211
502 152
781 630
907 775
882 86
535 587
365 405
706 407
778 568
339 738
505 206
203 326
363 280
662 586
739 499
95 225
614 851
886 148
339 851
433 426
584 886
895 846
880 29
681 220
39 926
743 394
238 646
343 792
778 836
879 28
37 137
149 591
210 687
502 399
476 238
995 538
687 176
35 313
770 188
883 605
735 708
871 4
908 18
620 772
805 918
310 284
651 496
227 834
72 720
49 38
894 206
110 697
332 723
448 185
884 348
210 243
139 53
712 881
72 16
823 71
483 726
530 933
638 66
328 969
148 188
441 174
543 469
819 853
50 176
916 185
557 508
77 67
426 333
155 793
618 313
107 115
730 671
456 34
363 922
987 100
453 832
493 275
538 614
996 254
742 974
467 904
746 389
750 453
132 398
389 121
123 235
905 645
473 392
294 174
886 564
388 167
762 526
329 80
975 948
646 290
351 56
833 297
528 780
602 486
380 472
204 782
808 974
905 245
265 662
138 748
584 948
861 748
806 55
50 209
592 367
852 977
355 283
964 935
622 831
952 807
666 541
297 150
26 508
248 580
246 186
680 849
544 224
505 452
13 35
587 130
734 55
974 710
870 567
484 955
356 917
269 778
753 623
535 19
719 310
225 54
278 56
814 222
118 699
121 133
983 765
583 487
823 276
555 922
738 268
633 34
572 907
330 490
222 532
371 250
153 51
562 177
568 802
111 772
992 126
168 592
33 566
395 427
660 405
951 150
885 489
665 57
883 528
854 967
638 126
250 935
966 945
295 646
208 331
703 111
114 157
901 655
59 740
562 199
842 837
169 819
458 737
518 27
242 136
578 302
937 392
393 154
503 83
530 589
886 528
497 385
561 661
47 902
215 588
972 73
848 199
367 625
5 414
869 735
69 747
431 404
895 595
345 83
613 730
528 852
854 220
911 783
844 482
256 859
5 688
282 983
870 137
682 340
847 562
153 546
579 740
982 870
892 613
767 331
577 475
724 414
616 639
710 599
17 140
239 659
334 701
854 157
602 929
575 491
783 660
680 107
153 237
805 770
561 499
983 641
645 179
970 796
684 546
664 170
965 7
469 968
492 54
1 338
166 920
444 538
447 725
676 989
728 407
663 689
171 671
334 121
564 926
980 555
49 255
965 313
897 9
92 187
438 427
47 698
306 889
842 647
663 919
465 152
86 712
343 219
829 991
778 126
462 767
446 192
17 992
920 995
467 832
361 856
843 557
402 941
77 877
856 912
175 692
271 189
955 808
539 292
137 185
800 855
14 209
311 785
285 725
857 155
179 387
200 870
496 13
792 618
412 267
674 594
415 612
933 231
131 181
883 76
218 761
554 895
648 504
192 980
545 942
288 487
588 658
420 236
369 716
619 812
395 934
583 137
641 898
415 299
890 38
678 359
443 946
524 889
373 189
11 662
502 467
529 213
109 659
663 390
760 501
870 846
961 546
619 74
124 868
50 835
362 49
783 507
953 882
300 313
789 476
184 901
822 668
179 650
2 913
24 713
900 874
908 333
401 993
254 221
737 229
483 701
559 548
875 659
916 19
48 477
546 308
711 914
177 703
505 794
771 765
821 367
489 270
452 390
313 56
392 425
543 278
732 682
655 1000
256 296
904 452
805 224
657 764
661 424
61 652
742 525
915 53
368 262
403 265
514 929
34 567
535 981
347 676
757 677
173 884
951 773
4 18
832 435
191 294
635 38
915 128
731 587
383 212
560 348
98 68
795 214
428 5
340 249
160 367
605 563
643 266
238 664
352 711
226 224
709 757
966 803
179 810
97 885
101 837
469 573
109 742
365 892
923 296
417 767
969 442
740 815
33 975
20 563
701 708
942 214
664 582
370 411
851 152
889 973
449 808
107 632
589 564
555 748
152 137
104 642
67 278
964 40
665 461
495 102
195 122
766 231
586 585
533 78
807 419
475 922
242 899
993 601
812 507
48 328
582 661
416 492
971 602
54 338
919 986
538 615
958 932
554 162
152 325
265 42
68 569
843 757
420 642
826 397
440 980
373 622
299 263
872 67
467 745
284 497
342 187
109 100
806 330
313 423
526 885
684 657
861 427
39 718
354 252
523 645
66 808
484 623
406 690
113 323
23 879
812 861
541 313
190 729
697 503
485 899
516 8
643 473
917 794
592 511
848 905
106 115
575 718
504 943
692 810
567 686
895 877
365 574
136 740
890 111
728 126
101 188
53 865
274 526
942 417
11 577
324 43
451 646
398 727
576 33
64 501
980 195
306 270
517 687
455 883
775 656
978 284
724 200
563 842
620 873
694 480
144 460
861 113
475 314
791 362
82 120
45 4
277 123
799 175
340 576
34 503
375 690
818 407
16 933
626 716
145 839
832 519
335 636
673 517
871 926
175 999
159 290
80 430
738 689
389 297
926 448
441 351
898 545
96 497
923 926
211 928
929 221
731 41
324 641
673 208
120 244
190 712
698 261
138 988
108 610
548 775
787 457
881 294
494 275
276 578
557 591
482 363
119 98
27 99
604 750
716 496
679 252
791 518
756 977
381 141
119 19
321 88
123 468
804 915
763 36
216 161
895 547
924 456
385 352
627 981
41 474
706 476
981 214
291 542
990 924
573 612
635 351
598 321
31 576
359 375
566 995
95 329
425 853
852 212
749 700
715 372
398 512
607 290
922 902
250 405
600 888
748 267
789 455
790 96
528 63
488 524
710 971
456 490
3 511
848 535
229 283
803 68
956 446
724 962
599 566
283 780
215 201
736 16
917 69
615 296
980 667
513 216
608 218
209 1
135 281
599 788
76 720
937 773
935 310
650 418
561 837
545 716
155 625
797 418
450 15
878 183
128 311
898 807
938 264
665 592
588 396
261 101
890 513
191 228
801 16
431 341
735 507
314 134
761 788
123 991
302 738
916 694
345 229
402 223
772 94
922 550
373 888
251 276
144 938
882 718
539 339
499 782
503 634
643 273
903 867
830 961
120 584
585 514
123 591
343 886
919 878
457 407
398 285
892 761
253 613
491 176
58 629
940 635
580 658
266 582
196 667
468 352
162 535
373 326
757 38
23 806
762 332
49 431
927 284
305 5
785 499
475 501
936 865
404 959
791 317
942 187
466 16
233 299
192 366
228 618
854 802
822 268
680 501
275 571
276 480
229 384
964 53
20 473
881 977
842 553
936 558
997 907
194 936
124 297
950 19
115 470
615 477
859 983
159 811
707 139
853 573
160 966
604 769
860 443
220 538
556 924
8 666
81 452
302 796
907 714
384 527
513 887
630 688
685 593
446 479
229 981
358 827
400 853
927 417
19 163
118 474
942 863
651 606
925 403
35 897
472 229
289 497
734 541
493 881
709 833
675 511
647 827
83 819
292 872
531 226
607 55
577 96
820 268
532 760
97 795
95 368
874 565
965 666
876 107
677 22
827 617
156 523
505 264
213 711
148 634
724 181
286 392
112 565
365 925
421 923
940 893
905 966
486 243
605 103
970 676
898 137
810 973
885 279
888 37
690 295
585 459
586 916
860 91
914 927
773 855
138 485
30 175
267 203
43 288
29 845
105 255
662 419
370 205
745 47
198 991
223 863
422 279
647 458
284 304
636 327
722 42
565 845
678 548
938 305
708 859
917 93
108 639
768 144
75 334
590 419
333 650
393 205
711 437
234 849
660 789
826 637
801 439
77 645
722 698
502 946
143 302
860 812
611 334
960 598
890 283
804 975
317 88
910 180
799 820
840 955
827 663
420 839
517 319
173 633
800 237
16 316
532 668
203 302
981 275
966 201
895 253
587 132
364 379
809 130
599 769
649 553
580 859
914 292
176 513
387 89
364 394
437 35
351 668
735 908
357 607
139 484
624 973
559 264
410 273
376 550
111 657
2 935
779 293
656 424
766 471
515 383
230 144
843 320
163 857
935 559
756 120
314 215
650 685
23 701
101 141
175 6
414 106
362 699
660 262
96 259
712 77
324 371
897 205
57 408
556 70
298 850
685 870
962 493
29 962
731 40
987 66
953 214
366 125
918 660
777 768
81 499
100 425
435 399
394 464
78 350
860 611
350 529
425 510
90 856
981 657
583 573
397 576
345 183
623 204
845 322
668 477
373 577
838 917
490 815
56 45
535 943
662 887
479 85
887 120
172 643
47 881
599 292
74 689
525 234
612 177
260 238
388 443
398 884
529 239
60 339
942 625
193 182
32 244
986 637
515 737
753 862
724 297
253 751
469 402
499 650
718 779
350 399
45 675
340 417
692 958
36 954
93 183
311 352
247 466
46 247
940 551
377 156
805 789
527 620
13 694
415 454
205 942
975 190
943 988
176 438
758 853
373 505
410 373
362 106
519 754
794 415
119 846
599 576
163 228
555 678
962 700
564 920
434 911
414 55
162 436
133 109
440 718
827 458
846 474
24 397
353 583
707 880
747 932
105 38
789 556
200 206
167 826
704 686
281 403
673 913
414 209
417 83
823 687
790 940
742 773
157 145
967 608
324 742
327 705
295 39
166 800
417 598
66 429
820 838
702 358
7 356
270 210
989 918
648 958
631 309
707 349
799 216
13 596
38 233
65 141
84 415
380 576
431 426
715 215
402 998
849 628
353 394
80 462
320 381
174 648
356 619
469 340
566 674
1 982
643 387
716 251
921 741
630 273
297 67
337 280
446 636
696 375
299 778
45 853
253 755
248 493
729 354
453 98
148 752
331 522
315 129
499 732
976 310
727 860
891 562
13 506
417 721
418 884
510 269
480 191
692 688
749 961
76 961
420 339
994 368
847 84
25 389
580 433
249 743
381 960
292 917
955 63
576 264
957 901
617 716
444 568
174 401
489 65
287 914
914 952
728 412
745 272
110 386
292 587
832 576
816 69
870 392
599 842
732 425
915 635
72 42
314 382
744 487
561 791
229 97
655 581
677 925
788 90
755 233
280 305
464 62
229 242
953 333
953 14
498 213
595 705
122 537
450 16
214 249
915 198
879 249
389 147
781 657
68 598
212 955
483 89
722 249
985 447
175 16
627 194
256 743
652 785
964 907
528 783
456 826
791 702
511 134
632 903
118 150
635 56
672 46
285 533
126 701
259 486
338 597
669 655
344 254
947 130
986 676
404 941
896 303
265 827
253 520
948 474
328 417
808 107
130 107
930 893
982 779
107 463
182 447
664 682
348 979
975 118
960 213
174 211
123 825
831 663
944 441
895 284
201 352
460 716
646 552
97 311
125 385
842 507
97 861
976 569
944 423
837 292
691 291
343 447
181 256
57 274
720 574
37 812
665 467
295 312
43 291
580 218
141 103
289 999
586 631
746 546
789 946
556 99
168 804
216 796
512 473
723 932
203 639
534 622
849 120
668 724
467 909
216 651
638 690
531 724
109 320
806 622
254 699
871 292
773 383
811 196
515 909
468 545
994 633
668 506
247 71
341 142
269 1000
240 287
151 925
47 860
285 983
17 345
97 747
8 100
563 498
363 798
216 199
622 851
914 120
40 917
520 415
576 194
960 710
305 567
862 237
910 704
350 1
748 491
100 552
49 554
47 35
359 333
987 940
52 651
255 396
331 500
773 725
706 664
999 829
231 151
412 531
973 910
500 340
317 938
28 547
931 690
736 458
227 379
831 981
960 130
92 732
885 14
969 84
809 419
166 736
797 886
908 49
819 758
508 589
966 650
823 55
646 532
629 836
794 299
667 555
651 366
779 437
48 185
110 459
607 797
229 455
932 748
439 556
208 334
560 179
815 997
372 497
335 751
375 978
600 660
55 764
120 505
243 501
516 605
53 124
919 542
864 615
95 721
811 32
318 112
527 356
160 894
108 604
498 876
636 74
873 904
32 440
820 129
930 449
753 226
743 76
791 512
714 265
887 123
815 398
670 391
912 679
217 29
199 85
38 93
342 176
501 349
568 56
791 742
153 694
472 146
734 523
66 957
123 308
397 3
438 721
294 661
761 442
675 998
982 742
839 171
821 684
933 34
476 435
478 321
692 959
165 223
723 867
795 446
689 919
374 641
537 747
33 772
827 894
990 478
25 424
139 144
396 257
235 491
715 549
952 168
585 49
125 472
328 38
935 637
645 963
962 701
300 52
619 286
426 494
346 313
200 978
113 530
10 700
189 861
831 274
172 141
708 111
360 501
859 973
676 525
203 609
185 238
21 336
851 545
674 58
322 480
683 424
617 793
466 656
217 814
200 572
219 328
901 386
958 205
392 238
753 317
76 38
262 599
892 192
481 579
484 594
341 55
967 167
644 218
530 225
246 67
790 599
536 626
810 369
5 657
522 525
744 757
431 139
164 310
537 820
294 689
387 81
851 408
430 465
507 750
218 887
662 652
131 84
575 913
583 138
676 312
611 837
136 525
301 429
150 8
654 467
468 354
714 70
261 975
499 332
575 887
407 705
305 59
359 200
749 960
533 627
366 668
383 710
790 2
940 667
617 546
732 720
50 977
440 909
540 19
3 477
141 631
54 952
81 894
580 336
712 936
548 310
776 953
684 229
674 380
42 754
996 375
669 439
889 641
907 494
584 113
930 69
518 174
453 872
312 276
55 548
920 83
495 301
557 354
998 397
601 658
570 159
422 376
81 314
872 475
81 331
688 509
912 961
656 859
803 924
50 56
648 859
522 892
542 379
29 348
147 785
187 844
874 910
726 103
783 228
443 948
777 283
709 976
856 316
530 197
514 734
936 372
807 691
611 50
539 305
631 943
283 511
288 407
504 235
925 838
287 317
698 296
383 374
357 569
487 426
20 591
771 241
980 223
704 95
233 372
620 768
535 233
244 28
358 44
739 931
873 309
672 824
245 999
360 303
952 435
211 536
596 837
713 510
533 75
497 891
81 4
523 109
561 818
342 365
513 951
552 971
78 347
532 348
428 638
933 663
418 420
111 273
350 571
816 735
708 837
931 898
938 206
796 288
962 216
657 622
52 80
34 743
229 600
160 49
330 737
331 56
39 715
612 159
688 711
929 739
913 294
786 44
540 963
632 932
65 485
834 97
694 568
957 38
296 592
601 68
587 41
970 179
679 537
832 176
335 487
264 444
64 732
876 638
446 268
317 937
11 578
268 115
496 532
61 420
706 955
303 603
16 107
474 987
970 996
384 463
499 260
318 840
944 663
157 726
308 309
548 25
895 418
222 536
206 189
524 98
724 954
987 408
235 415
970 710
989 298
36 597
633 256
637 344
304 20
660 401
842 540
236 771
793 240
152 232
137 628
210 354
270 798
430 397
685 979
229 87
841 685
915 946
589 311
46 998
285 118
586 763
254 581
739 743
145 112
925 55
808 827
85 315
804 783
312 921
139 487
668 334
815 393
925 345
814 720
130 637
107 985
652 730
669 852
636 944
912 567
36 631
365 509
61 4
118 223
340 205
105 960
948 268
491 427
537 863
100 717
818 784
710 258
911 553
994 49
814 284
176 592
141 142
507 690
606 66
588 761
572 214
184 655
115 613
443 938
135 944
448 772
365 833
918 441
390 518
652 237
466 408
325 467
664 739
537 667
735 536
205 573
750 184
908 470
249 698
552 327
556 375
3 625
921 22
685 21
707 997
836 135
840 194
730 867
307 350
789 783
29 642
584 199
228 130
395 344
824 694
182 612
252 188
234 467
800 542
251 892
638 888
108 931
533 500
593 41
28 91
467 91
507 71
143 221
971 500
2 243
117 780
635 835
172 579
213 281
855 862
694 728
839 787
328 435
359 976
821 203
551 470
751 107
741 76
919 594
545 153
213 123
109 186
311 642
757 638
294 980
389 992
296 248
563 346
835 705
286 983
359 263
89 295
217 282
58 798
809 62
666 593
796 812
283 387
92 334
433 274
53 821
917 960
451 591
921 517
574 457
425 694
67 853
624 122
110 981
37 353
6 752
353 52
279 292
978 694
253 979
749 558
254 404
348 969
672 575
175 612
567 806
182 320
917 275
370 736
645 772
301 78
305 139
577 721
718 289
629 138
956 494
493 41
943 720
440 203
896 385
515 441
590 799
292 998
297 840
102 917
548 311
200 157
978 289
805 672
686 22
153 265
855 318
270 624
362 753
920 37
168 842
544 849
686 524
829 816
385 479
512 110
911 286
617 464
366 59
223 470
1000 17
985 739
656 973
685 590
483 202
467 721
985 268
76 102
797 167
152 523
691 606
303 300
596 669
678 872
203 72
506 410
152 954
961 420
783 231
570 720
938 34
170 290
788 564
411 52
804 549
967 27
236 39
183 552
813 460
635 427
213 881
400 178
532 763
790 483
424 56
425 769
97 293
302 185
838 415
35 478
753 757
168 61
666 292
83 908
771 901
253 518
862 416
849 775
633 920
597 829
625 820
130 586
975 112
871 3
784 5
21 9
608 857
861 105
718 402
224 82
776 745
245 708
357 794
175 745
414 339
70 497
474 742
236 905
239 282
556 424
757 345
392 781
818 495
358 444
840 139
487 536
733 192
315 363
453 553
385 281
59 878
100 338
559 949
915 921
458 788
205 9
975 549
581 702
655 603
608 372
682 519
340 272
377 781
780 740
30 479
804 571
380 128
843 536
243 392
831 11
119 229
854 376
395 684
750 441
532 244
773 142
65 809
262 653
689 416
734 621
200 708
987 160
5 421
632 711
890 439
925 372
99 925
783 74
74 664
40 520
582 565
96 900
452 93
657 911
397 396
915 307
442 791
298 467
463 959
431 221
35 668
161 969
291 614
865 605
331 281
710 295
197 368
914 280
306 894
916 830
277 552
616 520
502 381
796 907
728 191
653 159
413 730
286 600
801 980
475 385
277 379
813 345
872 811
700 256
174 237
35 169
810 797
172 502
67 728
289 566
676 934
914 879
956 406
779 439
193 934
552 763
182 42
58 108
884 176
922 405
621 835
129 207
920 238
388 588
228 771
101 27
854 587
876 65
750 648
759 586
674 20
587 989
533 479
621 758
159 733
666 703
91 827
460 76
578 299
7 537
163 551
75 367
720 88
77 725
82 877
467 649
288 20
610 619
207 715
798 734
583 860
221 571
798 617
828 259
347 785
520 445
32 247
674 698
135 653
545 591
748 210
115 759
4 500
66 605
89 740
338 585
80 801
582 955
253 974
474 781
770 206
22 115
192 282
836 595
236 745
158 526
881 735
754 944
32 208
641 618
724 232
676 75
646 615
957 638
618 166
921 21
685 20
801 896
586 939
804 33
77 292
858 491
271 708
243 181
69 7
266 452
674 457
896 115
608 333
152 483
760 761
450 152
532 78
973 204
674 878
545 461
46 882
159 689
466 731
890 525
872 112
321 286
798 792
32 343
830 80
716 385
972 27
385 781
964 337
212 608
342 231
645 28
579 792
908 706
467 530
144 543
880 265
492 199
402 219
991 47
848 823
139 788
229 736
948 370
880 408
746 902
869 976
943 441
175 35
30 866
640 978
632 769
630 135
799 670
77 397
37 159
524 743
780 377
716 68
847 307
850 501
305 936
869 519
931 844
272 191
785 549
827 815
75 514
421 530
44 467
466 125
374 530
791 313
153 125
944 336
84 675
983 529
924 25
841 40
235 457
223 908
480 400
998 118
600 385
874 32
747 306
340 900
715 848
901 927
115 188
647 175
81 892
851 368
944 446
746 102
486 309
215 233
876 741
326 706
116 786
137 691
500 753
817 273
949 820
846 164
958 546
225 686
355 587
465 255
428 261
696 525
876 907
807 267
789 780
721 974
149 429
94 695
76 358
649 266
43 119
119 256
543 674
642 657
49 962
404 4
261 69
342 144
345 236
113 586
627 706
167 287
990 948
482 303
997 476
446 338
992 435
216 383
325 675
852 898
921 932
518 262
205 442
208 739
887 61
74 756
259 346
649 198
925 689
791 808
313 729
722 903
689 506
321 806
748 139
985 207
861 932
734 434
917 882
19 555
300 660
852 153
228 778
250 247
179 817
273 340
131 946
279 218
28 474
675 561
770 775
109 737
330 286
421 677
614 518
500 226
177 129
415 411
935 848
239 583
3 285
687 303
139 333
12 213
487 309
929 284
847 53
914 301
136 777
269 595
571 191
228 522
64 571
211 316
713 130
52 259
533 887
917 8
243 79
121 559
729 936
987 348
971 883
257 469
538 846
617 975
467 173
965 397
328 862
846 128
974 501
958 990
466 564
195 14
306 909
492 564
385 570
890 867
927 598
778 832
842 841
627 384
756 548
782 865
877 824
108 179
860 522
133 110
618 596
692 499
394 538
455 119
833 291
834 28
321 119
930 219
490 838
899 584
290 125
919 405
523 696
326 206
590 735
916 985
574 213
627 447
481 762
423 763
799 816
52 743
109 786
847 605
172 16
978 981
389 584
49 559
217 337
199 801
516 229
40 182
814 262
965 890
52 517
625 461
148 708
247 682
624 131
771 94
922 990
639 117
572 18
19 914
757 32
244 195
264 454
174 349
455 895
242 623
558 455
154 905
875 705
512 775
485 563
78 104
996 555
870 452
855 368
802 892
489 431
43 256
464 219
45 434
780 939
234 509
362 566
932 638
627 126
954 914
204 277
77 97
962 489
10 42
229 166
671 275
642 567
238 76
965 977
480 384
329 909
310 600
479 179
997 306
587 570
682 794
332 407
744 111
503 681
769 602
274 24
493 932
333 571
463 636
283 234
95 1
377 356
394 784
235 642
900 26
152 866
389 539
624 882
715 13
300 717
852 866
526 487
213 808
839 164
934 888
505 542
545 575
451 728
89 747
365 686
3 548
995 715
391 452
878 371
522 738
667 893
943 984
412 784
97 526
73 8
767 825
337 387
762 420
803 250
480 364
434 587
741 554
443 251
906 753
211 263
659 795
876 627
185 928
205 285
300 55
671 64
49 241
540 997
290 253
515 492
898 508
154 540
466 986
584 201
12 594
369 991
208 301
100 363
727 415
764 978
418 264
488 780
976 802
404 331
703 849
545 339
177 631
752 825
290 334
833 600
794 974
262 808
867 79
214 209
824 261
80 619
298 446
43 923
869 283
356 162
792 338
901 16
62 20
105 759
537 892
517 192
900 216
901 161
777 403
743 808
838 516
986 827
806 684
739 98
194 342
472 44
933 225
290 869
226 103
423 643
961 248
321 857
505 164
820 309
416 691
1 859
607 111
147 581
114 944
321 781
857 808
452 628
993 312
443 859
904 727
709 684
706 322
236 370
532 967
457 107
184 685
993 425
351 579
335 78
616 720
175 497
309 943
753 553
37 496
664 705
813 416
63 705
854 807
585 947
859 671
760 72
431 835
143 902
92 149
685 904
580 226
208 300
931 280
570 440
807 437
940 218
424 856
677 921
825 878
113 652
424 817
81 430
959 479
502 542
584 451
747 881
952 359
824 398
510 745
114 46
48 306
692 361
512 31
902 252
685 644
811 109
454 959
744 935
618 896
178 565
877 117
53 339
442 910
242 428
939 350
43 677
28 23
735 841
804 976
164 631
679 272
627 995
187 958
117 689
579 900
878 656
207 416
635 429
818 839
435 301
862 23
735 543
921 487
947 311
269 799
770 772
541 659
639 80
876 262
842 178
330 366
666 452
487 308
735 594
546 864
689 190
525 272
249 647
712 745
250 680
803 178
469 906
382 421
168 635
921 35
466 128
858 654
608 953
864 19
759 834
922 447
45 316
716 394
163 817
112 871
964 518
189 785
544 710
285 209
916 64
901 660
155 798
528 469
86 778
234 553
8 473
479 969
363 800
87 396
721 186
925 80
32 289
983 350
142 810
863 740
761 870
578 372
136 223
744 116
577 345
30 767
626 72
627 673
482 304
321 118
131 491
18 46
200 853
42 184
248 877
183 66
365 278
60 533
407 209
770 599
892 285
682 379
973 680
633 751
5 726
814 992
325 841
472 403
202 4
311 490
886 122
835 808
705 771
239 644
790 380
205 820
335 496
117 88
6 702
153 701
810 648
120 978
466 66
344 538
254 61
314 14
442 171
996 758
853 935
558 452
944 488
798 471
656 316
404 82
483 763
266 95
747 394
661 54
775 82
318 651
559 843
506 939
33 297
881 621
510 583
938 508
702 621
405 985
67 22
694 977
508 124
56 869
474 60
517 952
579 115
128 289
517 969
384 731
375 125
160 882
260 437
997 386
265 473
605 945
878 511
423 952
890 457
929 787
956 716
846 712
355 175
674 585
913 263
236 218
53 572
666 618
343 126
848 988
815 232
658 85
911 645
592 465
39 974
852 867
198 53
625 287
18 839
525 148
467 309
808 306
640 790
127 102
862 495
282 860
286 555
2 527
589 946
236 670
791 923
780 437
305 19
32 693
951 444
55 235
439 72
503 750
430 885
491 633
149 979
956 453
667 922
262 338
381 270
806 717
361 405
430 497
491 534
612 986
405 170
98 940
202 820
600 598
36 458
475 58
814 697
122 485
547 990
132 664
885 748
134 206
85 664
603 343
217 528
234 478
346 180
203 613
20 53
24 176
104 995
410 933
158 223
73 933
561 968
122 526
569 453
866 996
842 7
150 914
543 601
755 479
792 339
156 202
493 903
668 173
873 761
913 338
52 954
826 673
791 657
259 352
631 86
880 410
273 544
597 83
451 921
833 565
615 595
320 16
619 916
377 97
697 918
663 185
163 465
359 486
325 146
643 53
495 550
850 499
334 736
425 708
547 599
396 451
783 753
254 411
410 241
131 886
80 926
893 544
992 223
315 98
305 136
895 359
574 892
607 691
885 317
686 198
10 431
564 341
512 549
822 262
811 531
651 170
447 327
267 165
585 418
309 354
646 867
774 308
794 670
948 642
727 268
656 659
368 881
208 266
444 906
449 528
993 679
704 830
670 7
564 526
752 806
91 244
589 77
42 272
977 235
717 233
789 748
144 316
857 478
86 56
136 179
31 536
179 375
818 214
904 184
722 867
212 757
256 875
134 652
674 625
288 316
398 817
938 17
683 997
791 401
784 700
782 987
680 893
454 120
701 25
316 121
140 303
508 977
514 508
351 529
474 718
269 798
685 406
297 493
5 804
620 237
179 977
110 871
700 53
461 711
118 710
766 338
782 535
184 936
3 428
496 970
885 352
28 873
379 819
731 545
475 324
992 106
385 124
775 843
319 479
429 267
267 112
278 592
618 15
824 642
128 137
475 98
42 579
906 1000
879 274
656 767
987 207
642 958
2 513
789 6
210 412
375 890
68 770
446 109
717 427
973 1
646 105
271 988
627 386
664 440
424 957
628 95
960 799
324 502
694 788
845 344
673 533
186 567
191 314
54 11
549 596
843 891
990 649
356 601
602 401
735 223
777 315
445 413
763 142
514 702
92 982
31 597
416 764
631 916
240 976
863 200
39 954
562 357
636 598
202 860
307 322
326 162
95 483
117 39
652 374
11 283
525 81
839 625
149 845
358 125
774 579
25 64
888 472
617 766
926 670
180 996
190 560
971 700
523 132
375 343
730 601
603 733
276 21
24 38
479 526
560 168
390 245
690 551
604 161
641 169
971 750
423 119
564 599
232 216
233 801
197 509
919 979
403 251
557 422
371 409
251 965
582 891
294 371
544 634
47 537
618 551
327 505
166 546
299 344
483 7
377 248
345 42
497 423
287 303
820 61
997 214
473 142
227 411
761 781
193 31
527 182
363 331
227 488
505 142
160 319
491 431
679 424
316 178
708 868
688 965
948 447
202 286
540 193
943 132
412 588
677 40
535 478
23 170
908 236
212 225
98 728
64 296
174 157
983 665
468 442
720 959
519 603
317 683
654 538
968 317
749 872
552 444
244 80
410 494
214 696
1 219
55 392
11 787
595 239
372 316
525 680
860 737
880 711
366 854
332 610
423 309
871 955
983 221
340 833
270 664
569 75
389 374
531 565
570 980
876 930
402 643
169 660
538 567
963 62
447 145
15 381
471 271
846 873
791 310
357 356
855 229
333 634
94 617
591 735
997 340
320 423
730 113
146 414
313 375
920 649
27 417
65 790
375 497
492 179
574 945
170 443
469 237
552 131
736 988
352 981
886 790
544 467
423 941
47 128
619 426
982 293
697 699
570 683
311 527
28 211
70 946
919 189
723 548
852 128
445 310
728 664
767 279
79 369
985 449
83 904
93 799
965 816
69 267
314 92
166 579
704 38
540 340
296 575
476 178
664 896
500 56
690 472
58 350
476 33
799 223
935 911
438 109
337 382
524 38
249 602
987 452
152 185
380 811
1 80
618 443
600 674
953 310
45 504
104 844
765 41
987 19
401 33
310 996
976 768
918 743
544 964
561 70
86 863
806 580
347 353
773 261
8 641
100 111
707 1
450 106
513 840
990 624
772 707
150 959
781 651
969 515
640 373
345 241
329 724
778 719
851 911
321 104
473 85
632 798
563 412
322 370
223 758
847 988
633 608
620 298
657 816
655 293
288 317
142 136
861 560
827 640
292 349
627 914
956 868
668 80
190 692
476 449
791 922
151 59
320 125
601 412
99 963
514 509
286 786
148 803
793 562
277 385
188 60
671 561
321 581
680 924
365 884
850 468
518 952
836 519
853 687
395 843
735 719
978 304
391 159
535 228
417 82
284 684
852 344
215 424
515 264
738 579
595 54
523 159
769 149
93 701
276 387
44 103
524 345
798 264
671 26
30 150
430 652
944 966
699 197
183 428
656 636
962 529
747 561
180 726
555 386
148 52
522 217
25 935
926 127
153 901
755 203
150 889
475 798
466 706
985 594
223 404
509 455
189 610
982 161
360 208
158 423
792 285
815 515
617 264
711 434
895 721
417 89
562 990
816 562
412 421
658 333
986 846
159 936
610 562
138 661
881 237
19 362
888 831
151 889
985 191
877 377
201 744
682 377
611 85
922 648
210 614
304 751
343 838
112 140
810 453
356 783
578 918
607 310
187 299
207 164
139 396
321 545
567 580
434 832
900 613
556 841
813 708
140 50
947 537
92 283
510 62
22 458
794 19
172 355
119 7
920 421
561 405
157 578
12 331
750 963
988 76
689 181
537 476
426 613
372 217
266 202
339 400
39 407
328 374
286 24
656 58
932 746
937 896
242 844
741 358
744 406
580 36
893 43
307 696
659 591
228 158
854 702
363 881
270 479
788 24
94 739
111 195
389 51
428 607
121 923
622 4
216 297
425 487
523 362
446 15
359 858
858 87
679 103
212 584
303 371
796 766
668 331
317 403
139 927
198 510
255 763
977 995
904 113
619 652
234 109
903 998
706 468
842 364
771 19
285 727
531 291
143 553
717 756
465 783
302 138
966 157
53 732
40 149
204 799
889 480
11 532
691 86
378 871
624 83
842 22
258 103
711 269
117 58
616 759
35 363
364 485
516 506
922 49
619 89
197 3
948 845
788 922
182 377
638 242
93 82
844 814
519 602
101 615
46 472
504 399
774 556
751 433
174 380
197 805
54 982
92 29
168 565
443 365
855 336
107 568
721 708
426 488
813 236
483 537
90 925
16 520
862 843
21 489
205 124
985 1000
858 358
312 382
994 870
8 535
392 438
265 136
577 167
94 735
497 151
540 557
361 247
543 714
358 900
932 883
772 744
624 793
467 824
341 223
56 97
561 680
229 522
786 847
787 90
612 632
703 278
673 327
195 519
136 503
536 700
861 555
97 902
973 669
902 667
796 186
981 147
588 830
236 79
917 858
263 478
106 623
583 243
420 21
207 239
154 409
874 616
691 178
984 424
417 889
624 127
311 349
884 641
117 30
745 733
525 7
853 650
12 94
453 252
349 443
244 151
500 57
16 168
747 858
36 187
814 910
874 157
987 598
804 160
384 315
943 735
380 693
607 706
149 102
113 579
345 651
862 916
44 19
979 664
484 218
506 894
971 728
932 546
351 561
705 138
993 564
688 225
229 106
712 140
931 490
716 620
698 483
627 59
42 655
81 419
713 550
697 984
570 153
646 18
460 1
455 568
754 29
702 261
651 761
756 392
696 990
94 469
425 328
65 241
857 333
19 224
26 716
136 581
212 759
910 112
325 560
363 389
674 130
313 620
577 207
795 816
905 336
264 888
925 653
674 655
145 91
437 979
277 686
666 351
192 922
486 732
213 892
820 276
868 951
878 518
65 317
325 227
295 911
555 487
541 767
525 218
819 453
676 346
164 54
68 575
135 975
417 758
956 169
940 742
407 739
249 795
358 87
16 148
434 703
145 560
850 247
210 86
379 821
763 472
936 980
367 945
246 513
48 148
447 276
49 173
343 455
861 262
81 134
21 79
719 920
522 484
119 700
506 803
437 191
519 465
498 447
453 131
693 494
368 927
241 487
404 415
836 506
858 350
91 165
437 81
332 137
725 942
156 511
164 978
78 702
901 435
133 985
25 704
517 143
960 896
743 911
890 577
449 397
105 547
507 243
346 831
294 55
422 120
941 852
636 172
161 306
442 929
208 707
385 855
264 245
171 520
288 235
547 302
536 930
269 205
142 357
308 661
679 390
937 35
496 477
80 540
744 563
265 638
784 666
343 833
235 952
874 529
321 695
624 40
273 308
481 73
28 570
400 945
559 419
174 135
983 759
685 265
961 737
177 50
14 927
935 961
27 227
762 511
157 577
193 776
31 56
269 627
625 781
428 8
313 600
866 529
116 176
462 92
923 730
998 50
563 627
441 359
357 27
361 216
9 436
793 276
744 294
912 896
600 778
911 300
91 129
901 262
595 529
981 552
313 232
276 996
171 134
264 804
483 184
803 973
882 110
518 416
868 45
262 610
449 105
123 126
17 685
53 359
919 580
354 294
3 132
942 526
874 960
545 864
195 955
476 612
203 484
259 406
61 30
338 645
195 840
553 446
972 432
562 692
763 285
95 432
408 666
575 634
409 327
368 215
842 23
665 359
166 549
904 654
81 24
58 713
477 129
614 450
80 949
926 990
709 470
802 728
586 99
724 245
118 524
672 920
658 679
36 279
292 889
563 734
486 179
829 790
676 967
967 620
24 358
428 248
746 15
379 618
202 989
422 538
408 116
699 896
525 567
747 619
482 288
860 138
348 470
665 396
423 388
873 17
267 920
902 39
930 171
894 728
786 321
850 658
593 886
512 55
696 852
327 334
534 920
994 585
26 983
156 342
141 165
531 898
143 72
860 718
75 270
157 953
919 763
133 162
212 621
263 803
69 804
895 744
473 127
860 893
673 326
752 505
700 633
321 400
773 995
960 662
134 679
526 165
291 596
477 801
613 629
672 393
66 920
108 3
368 208
478 149
800 301
965 685
108 146
571 746
597 178
227 740
11 563
585 922
787 646
383 489
638 488
153 806
705 273
549 854
947 332
141 317
382 211
645 765
10 584
616 867
32 724
861 31
917 285
644 571
573 395
666 31
776 755
480 78
35 100
989 251
685 226
69 73
998 107
374 817
107 662
898 301
774 408
133 544
888 129
137 549
923 642
11 76
31 385
498 408
119 584
615 327
963 254
211 517
488 471
271 807
557 202
544 855
651 909
966 774
716 621
369 286
984 691
411 593
485 320
74 829
1000 489
104 108
86 972
566 346
828 607
626 209
960 933
963 826
843 848
180 243
284 22
549 526
752 406
532 316
471 992
117 524
853 248
288 192
872 222
844 461
863 51
421 108
710 539
830 136
728 334
218 560
423 937
977 709
256 760
144 719
175 194
329 278
883 923
222 235
478 369
406 498
107 153
951 594
53 787
438 515
758 88
227 512
709 652
362 377
28 20
130 99
149 709
813 734
467 556
465 624
525 42
435 636
864 346
184 828
810 656
300 838
125 398
842 257
257 157
790 33
116 46
444 613
173 97
54 906
766 416
111 757
917 418
576 364
116 93
559 605
49 172
523 724
220 435
646 691
6 786
906 772
86 556
819 817
627 248
612 620
890 906
172 189
945 891
694 94
627 105
224 838
745 22
734 344
631 21
346 107
826 177
76 304
613 570
375 228
307 636
324 550
21 121
638 925
260 334
423 178
755 491
355 985
561 614
441 736
207 765
269 490
696 106
493 844
565 482
768 786
724 613
91 657
921 820
494 703
8 251
541 271
943 399
13 886
861 530
878 688
458 7
888 944
728 217
719 485
938 668
890 117
72 748
821 705
40 74
935 373
796 897
601 367
272 801
942 30
359 184
291 168
789 425
379 867
966 804
599 968
282 348
710 884
533 805
954 202
426 611
45 139
836 170
432 208
151 927
574 629
586 945
989 340
183 285
354 897
978 199
245 964
157 354
893 952
882 427
185 873
59 640
381 373
630 932
828 948
812 465
9 260
691 165
938 395
775 364
742 993
911 348
551 197
932 857
898 857
648 572
556 861
226 536
9 230
670 923
843 651
148 744
722 516
686 923
557 741
268 996
118 773
307 886
604 736
759 388
192 694
67 191
790 720
187 909
406 745
927 589
339 566
439 869
658 62
680 538
204 948
869 934
260 174
340 212
160 306
667 179
991 471
278 262
744 528
174 855
344 190
201 68
681 1
495 665
577 464
304 540
322 717
415 312
236 267
454 470
629 492
350 263
631 690
796 997
874 389
362 129
495 639
577 754
230 466
704 71
692 677
567 987
550 527
310 353
537 668
439 68
22 468
704 251
465 713
227 822
11 837
250 637
235 483
515 309
628 330
849 611
154 839
174 386
713 204
452 96
733 145
989 263
187 245
731 821
516 824
332 925
832 637
814 701
730 568
147 464
183 406
984 732
229 116
836 428
786 649
401 685
272 819
849 719
648 762
186 281
24 180
167 372
356 73
416 302
569 344
68 280
44 367
555 349
260 375
878 189
788 173
458 520
155 760
488 383
146 413
888 440
76 94
739 998
411 771
289 483
756 831
100 827
726 83
817 917
123 394
549 762
99 460
627 522
739 196
886 789
123 379
913 231
307 112
456 918
468 37
674 728
74 444
98 38
749 261
161 753
74 15
418 662
738 118
331 436
675 539
127 652
718 671
432 348
896 715
514 310
456 338
697 884
993 29
847 430
671 892
748 353
537 376
222 584
1 265
997 590
429 402
432 442
31 98
713 31
487 668
997 735
618 132
410 449
453 429
185 967
628 477
955 167
314 37
750 616
73 666
185 816
148 172
78 165
387 832
764 924
488 159
935 383
721 951
440 573
450 327
930 93
824 456
293 907
665 280
388 913
81 417
413 482
640 42
575 138
752 681
935 50
313 295
940 388
360 774
546 230
700 824
241 5
403 274
167 277
5 74
562 825
618 909
697 506
274 93
931 329
385 924
117 523
133 278
51 181
933 831
122 226
965 622
912 630
130 687
39 573
703 490
652 616
579 536
602 731
964 966
948 451
450 288
199 827
165 999
631 852
445 343
678 303
424 206
667 26
170 990
799 521
601 274
361 533
309 797
735 699
956 52
332 338
193 512
248 388
175 400
961 539
514 141
880 981
5 842
97 477
299 205
818 279
617 90
128 879
721 608
884 52
850 132
903 146
82 26
907 215
603 580
73 293
555 729
833 991
559 973
29 722
877 536
712 972
683 268
325 254
56 624
717 325
281 417
580 195
91 54
196 534
721 915
629 570
461 152
137 290
335 643
836 484
530 699
858 348
95 599
42 353
457 745
157 125
324 551
313 210
815 671
865 321
561 899
398 469
735 404
937 613
20 463
39 413
66 29
433 774
565 117
714 657
786 770
551 6
420 516
20 446
424 735
631 244
82 787
676 322
269 489
746 580
939 433
688 767
30 898
17 481
91 656
203 506
114 531
723 643
298 474
373 774
377 451
50 363
517 293
973 675
170 656
669 618
710 286
35 530
844 720
499 577
767 296
364 365
153 876
438 927
115 574
853 576
927 329
54 687
920 897
615 970
33 992
676 94
182 259
187 123
44 288
941 46
444 522
67 705
714 376
880 576
24 268
956 429
79 302
710 644
644 458
883 208
360 789
777 707
461 90
855 270
128 105
661 49
310 129
617 941
314 319
707 188
379 287
509 656
402 810
848 262
242 297
377 818
581 556
366 506
403 108
385 649
759 353
709 36
180 233
843 795
505 651
919 582
649 38
133 221
93 973
528 817
781 545
393 352
53 406
791 648
39 743
332 371
317 1
344 97
847 913
443 599
170 741
423 661
246 24
713 61
325 903
472 453
970 332
164 283
867 220
905 511
17 239
421 261
102 458
28 489
231 178
306 199
148 742
240 847
538 944
973 937
577 320
856 137
29 502
589 941
787 733
370 869
813 293
248 185
348 189
876 331
417 422
310 289
59 227
461 651
353 770
706 774
567 843
590 664
917 360
704 363
923 523
451 282
438 52
738 518
387 982
462 446
710 736
383 920
478 932
742 209
562 97
432 844
340 845
16 523
238 272
133 748
854 622
211 984
983 78
425 92
56 919
453 891
133 893
669 347
263 494
980 908
450 147
693 341
677 880
968 844
590 199
21 712
134 345
817 601
233 658
480 789
962 233
963 832
808 799
346 834
155 360
285 997
114 377
795 952
333 985
375 354
914 38
109 178
701 302
79 622
258 538
501 312
339 725
394 830
761 492
632 996
155 39
341 272
635 372
874 708
123 600
474 467
142 466
880 125
476 360
830 607
75 838
728 1
321 637
862 460
261 933
540 336
390 587
304 392
322 833
418 212
529 442
917 682
455 927
157 741
68 448
417 600
344 552
365 942
847 94
447 620
193 837
644 47
896 490
219 965
701 549
977 830
814 256
906 671
449 856
742 877
968 428
442 533
931 491
333 198
466 809
893 910
358 538
225 566
188 702
335 569
693 407
604 246
474 479
864 875
721 950
100 309
295 112
461 1000
626 778
17 815
910 594
33 69
164 953
474 241
894 629
865 909
510 866
117 1000
133 115
378 260
431 370
712 508
473 40
344 788
184 53
995 367
27 385
997 453
925 360
319 681
949 354
56 495
679 185
402 167
97 709
403 642
238 10
226 803
925 281
86 287
911 986
327 227
222 463
829 381
498 655
446 695
814 520
681 190
844 350
464 914
670 742
617 131
662 566
558 903
61 181
335 266
340 124
112 243
899 17
114 801
334 598
923 183
482 989
809 372
107 40
548 759
828 8
22 179
552 104
761 933
583 502
681 378
25 510
872 823
415 17
629 197
662 928
488 591
568 787
594 239
940 775
154 956
176 92
732 97
769 233
441 328
684 508
794 332
733 461
874 383
358 263
395 267
342 267
15 659
417 160
91 9
458 796
475 918
521 570
901 686
775 712
987 115
591 637
896 357
52 38
497 92
298 903
138 812
628 101
111 393
688 402
427 326
502 798
548 870
74 561
271 249
350 834
868 155
407 265
897 890
895 674
626 469
204 771
646 430
853 154
284 235
341 502
255 336
626 292
60 322
856 712
189 34
963 684
6 958
325 930
593 582
61 104
779 773
728 219
378 915
839 185
571 679
74 501
835 814
322 743
487 227
87 933
164 198
19 701
849 970
756 850
743 306
532 901
799 968
205 959
832 87
724 109
62 844
653 151
837 202
452 872
680 261
353 997
372 7
28 731
379 869
380 538
896 547
704 256
997 645
135 250
589 635
400 737
276 316
758 614
547 91
585 492
125 443
666 927
664 989
465 30
929 399
414 81
586 526
347 768
274 957
401 711
458 816
935 262
674 742
447 372
927 930
50 328
384 802
938 393
104 23
930 740
20 381
320 735
722 19
37 94
310 706
403 476
483 10
691 625
303 383
866 230
612 213
298 157
192 648
635 156
468 813
90 283
436 259
801 606
204 807
192 807
411 71
543 790
657 867
985 110
833 260
471 795
52 720
921 790
819 243
485 939
795 133
776 158
541 386
50 415
72 699
862 70
921 560
857 838
396 70
73 215
991 759
188 224
671 757
766 653
698 693
74 203
537 753
221 104
24 988
480 174
558 153
843 177
272 218
970 769
790 124
25 438
712 728
110 659
935 998
166 917
775 889
210 29
505 559
324 21
626 661
770 411
117 444
505 920
243 12
450 462
512 381
772 807
440 328
827 308
78 254
206 819
155 815
542 841
318 312
346 190
368 986
24 182
561 881
