1000 9879
781 22
803 652
31 971
1000 62
237 201
26 978
958 251
29 918
229 933
88 519
601 182
19 91
534 782
522 846
463 680
502 838
85 230
556 609
868 339
526 467
421 117
647 971
227 442
510 793
873 652
360 601
568 478
700 747
302 780
910 186
161 905
143 521
645 439
580 992
445 305
120 707
658 853
329 56
737 820
888 712
337 303
942 485
217 799
624 194
953 780
438 836
314 862
480 74
614 493
942 84
73 113
418 752
880 939
754 972
810 842
67 523
729 698
34 448
932 505
993 253
477 388
375 729
547 130
914 943
591 213
317 268
206 109
297 951
266 142
396 573
942 111
682 758
920 191
168 676
557 182
561 179
599 154
655 729
567 509
509 885
535 855
306 993
846 223
280 316
341 925
971 275
406 875
910 683
15 461
313 293
186 541
461 421
7 601
342 168
954 550
4 993
906 389
416 921
553 584
40 533
861 959
155 484
981 944
394 832
488 587
243 643
265 757
910 231
435 133
458 238
696 950
363 167
329 283
478 372
815 31
305 738
876 95
877 434
677 154
176 529
726 569
857 702
254 302
867 829
982 774
163 506
828 504
188 799
749 922
726 425
983 973
73 346
704 340
691 260
319 453
488 831
756 104
159 317
405 861
210 263
267 852
310 810
662 447
976 850
868 832
909 630
617 64
500 588
323 205
396 775
551 845
826 188
755 206
938 402
958 849
802 421
159 736
143 239
200 495
113 818
609 917
425 398
43 75
360 213
802 276
933 622
91 839
350 944
901 448
132 554
958 179
216 937
200 717
311 831
379 567
876 727
835 469
104 361
490 846
618 434
721 494
562 938
268 545
964 774
696 220
649 838
237 324
218 476
757 573
208 598
597 164
691 419
912 596
554 169
689 646
268 263
473 911
990 60
974 673
649 964
359 471
640 769
201 973
532 791
977 472
793 529
297 418
117 33
120 763
256 916
286 868
558 130
727 793
417 662
713 388
609 186
295 653
22 463
743 19
968 263
939 765
443 215
154 878
177 391
840 321
733 138
400 738
978 51
146 865
183 286
433 300
851 304
599 662
447 389
893 949
241 566
737 425
702 645
168 892
958 531
816 56
907 467
533 455
354 613
81 94
834 692
816 919
103 709
806 566
298 379
909 323
266 267
648 575
406 787
81 376
643 868
312 52
989 902
372 952
144 669
363 547
809 669
595 537
593 374
207 722
445 217
800 968
397 342
847 994
873 663
359 644
584 990
381 920
41 453
350 89
978 798
591 298
209 265
325 901
331 730
580 909
528 608
987 901
36 539
457 486
373 58
581 485
448 239
981 315
13 121
663 3
120 791
942 462
600 225
670 985
309 851
621 671
300 890
857 615
20 521
573 355
352 105
832 803
747 176
253 807
515 310
96 110
334 472
818 477
158 778
361 414
72 199
849 646
55 390
262 228
12 507
620 608
789 29
756 416
349 534
977 341
559 903
820 645
76 405
59 673
868 649
797 659
465 138
873 21
996 792
397 805
632 641
347 234
168 999
81 442
579 455
926 184
360 15
114 2
207 995
298 973
794 982
265 28
565 905
471 533
780 580
772 725
419 775
665 547
207 912
171 230
299 301
392 153
467 831
393 160
492 282
998 888
657 556
490 887
507 191
240 338
937 460
21 793
170 421
611 564
468 834
198 479
697 332
365 326
375 393
208 655
160 482
363 301
626 365
809 740
848 959
613 625
890 214
88 68
360 745
839 243
877 316
515 713
604 224
807 529
948 953
174 886
259 148
615 729
942 379
191 909
840 733
70 86
453 86
827 969
741 771
334 747
966 412
796 635
348 186
693 977
718 444
480 58
422 239
620 934
704 386
434 615
474 520
917 394
997 732
944 472
673 766
784 305
380 690
54 951
183 209
759 886
371 49
722 100
600 569
965 271
567 79
552 700
384 131
336 327
915 903
717 303
958 555
17 813
648 665
186 312
263 460
414 840
552 873
290 24
9 210
281 661
963 913
143 750
323 270
250 52
807 477
682 843
367 985
85 264
621 326
582 980
696 995
119 57
180 163
237 462
883 964
947 835
344 428
570 742
203 467
773 963
297 26
175 89
838 747
507 953
715 124
944 858
537 596
892 588
51 84
541 585
377 6
106 588
567 713
783 572
363 55
476 324
795 450
241 511
541 762
691 149
654 267
571 635
3 247
408 581
182 704
128 55
144 79
577 703
743 238
799 296
823 182
400 872
76 793
827 179
480 454
248 98
214 651
864 444
646 548
204 319
343 450
181 483
202 910
974 32
722 73
997 833
211 692
258 543
850 933
134 106
765 86
177 725
968 168
418 217
901 668
850 820
82 714
432 997
15 258
396 768
147 378
149 456
479 817
781 967
566 139
626 158
733 666
647 334
116 652
946 793
237 144
311 905
811 65
995 316
63 276
360 869
256 544
459 107
83 967
726 47
787 153
114 703
460 407
210 869
701 340
888 837
958 381
942 614
502 169
486 610
748 849
450 524
571 840
734 260
699 558
585 628
88 60
731 978
588 889
22 91
728 76
213 908
535 435
921 459
478 480
339 203
692 349
914 579
352 78
940 711
334 338
815 591
791 376
480 482
542 550
852 378
358 455
922 99
590 818
628 481
332 742
701 619
261 558
755 798
441 362
98 883
659 740
141 773
955 337
439 544
777 593
315 766
393 856
814 86
130 213
17 729
253 326
509 828
426 272
264 715
379 272
422 300
15 823
506 661
234 644
697 228
238 196
405 707
30 688
380 301
218 176
330 598
425 378
136 227
445 871
542 303
798 693
985 338
734 567
62 897
19 174
938 56
964 724
514 891
696 10
90 281
865 661
369 870
557 867
825 475
888 865
460 522
977 752
956 472
869 930
709 925
397 55
880 453
4 367
957 95
830 983
523 957
53 806
459 595
546 925
708 691
107 101
309 801
754 708
24 943
244 778
335 125
818 105
213 529
309 850
141 580
218 953
865 194
948 843
291 72
258 387
461 648
44 368
651 472
822 490
370 578
650 528
723 58
427 649
634 739
618 172
289 744
733 237
860 16
24 410
44 37
747 622
713 466
458 963
292 683
479 619
831 262
523 81
561 92
410 826
269 138
396 889
268 189
238 390
186 293
560 474
929 139
124 505
509 689
310 898
278 637
333 355
494 488
673 142
916 358
797 37
622 74
682 231
276 628
90 330
131 388
316 920
37 357
464 651
434 367
787 209
56 325
313 602
430 259
213 241
689 496
352 603
905 399
544 89
598 268
47 126
947 4
105 937
473 909
936 275
114 937
278 764
248 603
736 672
990 245
758 113
335 416
282 220
526 379
830 964
407 868
809 342
582 77
527 708
197 225
913 688
116 471
848 372
783 470
241 770
39 939
907 175
581 28
448 648
713 236
200 66
36 391
632 28
300 617
689 107
215 227
347 43
555 526
591 324
529 659
91 46
840 654
243 155
870 276
307 758
767 660
125 882
404 368
315 919
209 232
656 937
218 86
402 881
21 745
613 79
318 421
712 400
536 158
186 539
704 980
781 644
69 882
195 715
414 619
219 296
436 167
864 682
627 471
69 234
9 947
123 61
568 158
677 452
19 230
421 134
332 295
606 466
134 757
66 215
89 110
437 940
650 34
553 360
40 821
973 699
249 225
917 888
460 673
796 779
448 185
231 358
89 697
736 588
380 221
702 333
689 634
447 862
183 880
573 200
136 981
250 479
994 577
790 303
799 359
649 362
267 394
984 680
733 51
371 238
949 715
552 379
36 340
628 398
154 955
963 419
989 331
3 690
812 196
153 321
778 883
229 470
980 626
488 848
63 851
525 634
471 494
383 802
884 325
812 490
869 23
979 35
837 585
694 962
56 850
807 289
39 187
77 964
65 516
157 44
650 958
323 348
143 233
91 808
113 816
872 866
622 147
881 299
275 142
483 19
639 884
929 925
271 250
19 149
744 908
925 329
375 438
416 935
952 217
626 464
97 742
313 545
795 869
1000 677
550 201
881 230
899 963
368 63
596 639
661 644
491 443
104 566
402 424
810 317
761 425
979 478
602 554
804 290
918 531
829 209
64 85
490 403
18 634
365 849
224 299
741 858
922 36
481 188
628 489
126 134
698 527
899 300
258 444
386 361
174 248
824 985
453 335
77 467
633 163
447 673
528 81
250 725
624 490
908 681
793 83
576 333
975 383
632 193
438 479
612 958
440 687
519 51
298 693
542 848
731 137
324 353
841 601
291 259
169 672
152 768
280 199
572 752
158 232
487 868
181 9
110 161
792 162
439 705
333 382
831 195
727 18
953 81
318 125
742 32
90 452
460 214
246 707
372 954
229 743
748 191
901 179
568 86
329 614
882 842
277 782
132 7
631 69
613 714
834 233
139 997
946 495
353 302
359 646
934 148
832 458
830 837
743 560
640 961
523 864
352 552
94 64
866 169
683 549
316 74
120 571
355 436
691 46
622 602
805 26
535 353
115 704
838 375
539 98
761 310
210 724
230 659
639 317
35 387
589 984
662 876
809 232
908 228
714 87
951 262
143 837
594 513
794 207
633 93
64 288
911 386
374 525
253 948
126 162
242 948
813 434
462 224
245 272
638 345
380 569
607 582
205 642
576 314
581 39
374 815
158 776
876 613
580 92
20 873
665 300
390 431
138 476
103 436
987 353
290 243
167 859
693 447
569 641
627 183
595 981
337 69
971 585
357 394
422 766
975 998
376 652
855 12
358 556
252 39
424 788
54 277
501 869
759 720
371 659
445 936
428 440
358 959
270 301
915 184
99 317
996 53
635 863
122 902
708 897
674 785
623 246
420 839
310 685
618 914
51 303
587 673
824 109
255 567
725 307
375 382
51 348
381 969
330 813
425 119
890 357
853 95
361 881
361 744
645 291
703 509
687 984
579 547
113 405
403 953
960 789
255 75
523 855
918 375
88 356
732 597
136 570
842 132
993 16
814 38
602 772
608 841
736 382
129 320
520 623
775 713
317 711
672 954
784 164
969 232
805 626
239 266
742 407
581 27
362 963
328 79
970 514
332 559
19 924
392 748
283 556
631 321
180 587
838 832
570 479
163 799
564 566
735 509
37 826
42 596
244 338
194 955
310 728
335 682
215 960
432 455
695 346
918 767
613 253
155 665
227 820
989 810
280 430
443 233
484 950
584 348
731 415
129 607
313 298
77 769
995 258
279 133
228 435
530 389
198 543
643 702
568 856
78 661
299 664
228 258
856 747
179 382
824 9
238 991
39 730
354 232
411 915
214 712
930 653
754 329
877 108
576 617
616 378
623 375
322 509
17 393
623 601
739 116
978 996
649 860
444 72
852 829
581 34
395 532
322 620
862 114
790 511
863 223
836 893
601 484
123 632
895 206
715 348
934 958
496 662
705 326
287 288
749 629
680 900
295 789
880 287
447 942
254 444
378 222
292 217
844 798
667 831
358 78
766 347
123 823
896 603
884 898
548 121
552 380
951 108
936 987
556 412
663 664
797 902
616 297
673 664
932 367
989 330
665 44
741 761
651 193
559 968
746 65
699 221
44 117
498 438
231 714
48 489
450 309
234 396
492 664
798 18
447 64
15 268
668 2
663 860
66 372
525 859
217 704
949 63
261 29
137 7
894 917
143 25
238 153
191 301
428 657
947 643
320 149
181 839
561 745
31 681
694 527
952 218
866 416
276 668
384 55
707 860
256 832
463 899
855 745
682 353
395 370
736 762
572 336
610 159
725 190
23 469
16 442
457 88
519 840
830 539
111 44
281 404
814 239
935 873
936 153
719 182
757 495
617 596
27 632
945 221
283 530
529 798
309 542
625 693
2 950
166 877
617 741
870 145
351 994
811 709
650 717
944 482
319 506
139 64
747 503
375 718
202 928
525 524
103 480
290 95
807 486
595 957
412 614
337 88
531 544
290 462
937 793
440 287
4 608
786 343
243 338
137 321
375 849
980 885
557 339
751 42
748 83
16 412
820 881
161 52
215 889
950 756
932 839
523 354
262 714
365 61
207 814
583 707
397 706
18 249
352 851
273 584
887 73
782 207
621 413
991 63
481 674
464 560
963 534
947 957
341 406
44 927
282 804
523 814
171 799
382 589
143 561
373 918
965 690
583 7
269 123
878 961
489 571
934 887
353 202
28 584
340 432
468 237
739 362
670 988
982 978
987 676
74 247
642 460
231 911
602 801
590 626
383 720
519 594
280 761
318 785
732 775
771 837
921 112
702 306
103 839
33 808
806 917
507 608
24 365
979 791
928 771
84 625
638 56
196 107
185 798
777 738
704 526
263 199
232 287
927 876
486 404
552 594
996 321
299 243
782 528
566 87
337 565
842 775
302 929
581 634
472 588
186 658
351 316
750 853
447 233
929 122
366 295
682 265
246 569
15 164
760 610
943 600
677 605
554 296
185 331
250 641
522 842
155 367
229 562
969 791
860 884
611 294
557 820
317 463
625 70
982 125
809 783
23 285
389 979
598 147
605 653
682 406
887 371
692 835
621 163
922 293
477 939
425 784
390 802
905 542
959 727
378 784
313 939
631 767
709 657
430 82
179 846
842 50
311 341
25 372
431 435
176 760
124 774
735 722
314 858
957 692
705 411
488 713
175 619
2 975
558 463
884 943
563 658
927 413
948 984
400 670
76 839
148 340
850 154
598 936
180 933
860 71
54 906
722 96
607 827
929 474
603 751
548 292
417 302
590 923
387 838
559 932
581 828
529 657
767 513
129 771
261 849
245 823
17 802
242 31
258 856
171 25
778 3
553 769
436 899
818 311
226 666
997 238
483 736
945 529
178 710
379 75
986 81
908 519
705 767
560 294
542 474
484 774
583 762
251 117
323 384
420 750
360 923
144 728
553 588
661 665
520 259
459 977
976 325
66 213
484 612
89 108
830 179
864 165
501 231
47 175
305 516
912 620
51 40
112 10
314 330
448 12
722 191
450 598
568 365
435 310
787 973
222 210
551 578
318 690
819 92
682 305
348 668
519 871
888 633
49 281
196 600
284 649
779 587
176 740
504 241
909 196
884 796
318 862
227 999
378 633
76 788
263 281
157 629
343 366
998 462
667 604
746 63
672 822
910 708
570 496
592 600
464 235
724 633
159 462
626 955
347 166
385 389
959 407
979 557
747 697
78 421
725 950
159 748
398 300
181 932
717 50
973 136
740 149
152 342
116 655
363 682
308 89
720 105
95 883
702 297
892 175
804 793
22 714
777 71
7 718
215 555
425 61
448 330
95 776
415 926
401 68
630 313
636 906
505 248
641 983
502 690
278 381
210 607
389 700
84 196
526 23
914 549
383 173
269 86
843 177
662 727
459 680
353 173
463 160
711 437
29 186
746 607
273 445
576 50
535 146
918 30
101 726
563 861
358 107
490 179
608 882
680 159
649 967
466 200
927 85
140 777
534 352
884 797
59 955
387 992
194 734
837 376
275 643
357 56
46 534
584 217
547 47
343 733
896 245
368 804
920 251
12 561
507 363
803 262
16 692
271 868
57 424
994 859
955 451
993 628
43 141
655 898
345 485
697 577
884 935
96 625
24 206
996 140
318 400
380 185
63 420
639 901
593 473
186 977
498 927
427 409
412 19
971 292
350 803
875 876
703 229
223 64
48 198
249 445
631 218
930 690
71 12
455 365
863 112
477 725
140 870
84 361
579 807
939 689
835 864
343 893
416 530
573 44
222 170
683 692
887 652
840 677
74 101
455 544
995 759
634 413
653 37
144 123
922 272
866 888
960 253
945 367
175 598
246 394
953 868
291 77
700 247
97 430
392 916
871 126
339 345
560 894
469 998
201 344
183 88
386 506
633 189
797 988
656 388
306 517
346 502
54 943
805 557
722 125
753 38
394 855
283 781
842 546
129 181
775 26
318 707
154 608
915 623
362 782
510 543
292 726
561 795
524 489
449 513
875 496
635 627
110 67
682 960
185 104
759 722
940 264
137 461
637 178
431 759
397 515
215 796
527 198
424 639
939 64
179 708
542 511
782 398
234 886
147 917
39 419
209 572
372 920
85 225
423 321
38 25
222 330
705 828
502 970
602 428
30 589
342 867
933 772
841 756
41 404
193 357
389 978
786 102
960 375
353 267
295 761
183 587
368 200
773 653
230 546
639 322
804 277
166 374
61 284
634 78
961 790
391 399
710 235
145 289
633 910
580 643
743 369
466 479
931 891
415 426
238 466
23 817
961 560
818 155
675 382
633 232
652 22
926 589
491 606
166 938
850 155
909 348
773 424
144 190
953 610
534 385
167 744
957 774
615 238
91 89
660 351
347 44
337 22
764 923
562 259
875 530
569 675
241 498
93 625
205 241
640 178
200 361
602 512
171 24
579 423
670 114
836 286
927 609
52 301
74 805
471 293
369 487
385 602
939 31
972 391
947 568
640 464
976 24
498 852
315 886
295 851
419 948
114 260
387 816
669 972
392 8
907 987
583 650
878 322
22 670
80 267
189 167
910 121
326 256
532 427
716 184
972 274
540 974
108 456
296 194
12 777
467 283
109 946
37 213
455 714
683 623
695 516
69 324
108 238
330 176
153 921
447 859
265 811
231 240
801 873
474 807
999 239
33 876
719 220
147 57
391 145
304 313
842 265
165 548
562 184
766 424
513 452
2 835
991 889
334 20
283 854
270 828
552 269
20 803
393 727
750 527
769 28
418 98
591 293
538 851
722 212
688 76
158 96
663 481
371 815
299 58
390 151
926 101
968 827
309 458
347 214
550 63
369 306
933 93
81 390
281 708
800 596
194 191
184 110
117 806
934 518
651 875
96 692
85 296
877 956
311 826
88 883
35 940
345 68
971 136
113 224
773 914
170 377
49 888
1000 680
928 69
929 764
145 173
481 757
815 216
687 914
672 457
783 88
633 868
800 365
430 24
288 561
588 708
75 923
620 977
35 883
396 47
728 478
168 150
41 936
667 876
904 618
712 595
965 911
639 120
540 931
605 184
456 401
954 496
992 803
595 510
63 700
654 517
309 540
382 98
310 463
2 948
232 424
564 998
304 180
358 507
965 161
197 823
533 813
6 871
618 199
589 734
966 533
516 844
196 128
768 769
475 91
498 472
116 863
155 857
279 919
802 224
987 36
760 874
930 156
346 87
573 992
816 795
697 232
767 958
366 509
21 558
495 60
25 683
678 928
795 202
893 958
260 441
498 924
961 348
764 391
683 235
958 35
139 905
856 677
801 356
431 417
436 265
352 964
39 668
408 914
208 664
450 613
151 778
878 741
443 620
451 937
985 225
490 577
911 649
922 754
31 562
490 720
697 902
184 559
278 137
279 160
743 511
926 805
224 347
204 737
581 369
364 479
884 806
794 202
980 241
712 591
305 15
92 497
537 356
684 525
45 965
358 20
183 91
832 855
997 675
319 395
656 389
584 101
868 592
546 460
874 65
931 154
950 106
936 548
663 563
498 365
577 822
997 901
450 456
582 545
180 737
272 668
789 905
556 132
573 802
427 56
86 735
893 197
234 450
474 117
149 411
152 497
393 969
265 793
364 356
716 721
698 324
534 550
812 316
461 298
778 508
102 548
678 669
309 214
740 174
8 383
794 834
134 483
356 343
621 349
75 313
760 715
976 460
260 413
512 113
969 789
553 598
479 440
411 904
624 685
108 342
843 909
809 781
922 564
226 905
744 854
296 573
178 868
913 223
296 231
170 704
652 974
909 363
47 316
403 954
710 345
969 337
224 302
761 215
28 452
770 821
771 116
442 418
776 414
927 765
397 546
629 121
297 526
995 484
860 560
503 904
129 325
348 79
538 43
575 842
650 929
906 567
210 104
652 23
525 287
253 941
822 355
183 191
156 338
64 557
685 750
824 771
36 387
976 590
962 938
443 387
67 303
656 368
137 903
237 611
418 95
953 190
590 921
128 537
11 212
885 216
965 411
738 775
940 207
379 367
51 760
16 148
987 108
695 343
418 289
388 921
980 943
820 900
401 304
90 153
329 999
863 614
683 388
462 601
789 752
8 283
854 478
441 723
647 519
48 923
378 382
968 732
562 896
778 581
504 712
887 416
293 296
767 846
60 292
814 389
728 198
691 506
766 898
108 88
122 4
430 980
445 367
452 116
795 473
19 47
448 812
594 565
278 32
657 361
54 731
709 193
680 615
55 39
3 408
520 526
760 147
308 576
477 482
617 671
553 711
34 365
486 368
508 280
291 354
224 847
727 439
747 413
534 285
354 869
560 184
523 12
390 5
194 922
734 237
113 714
497 875
629 514
423 71
756 699
243 488
445 636
446 92
410 993
307 583
860 617
399 31
186 584
171 148
136 422
344 36
142 823
330 575
147 95
87 393
237 28
973 488
955 869
597 332
286 6
467 619
368 420
465 392
332 327
575 261
230 830
907 855
765 629
273 119
312 747
838 286
739 4
888 842
228 788
530 25
14 446
306 797
71 133
46 970
888 552
316 17
209 967
463 768
892 732
107 124
516 378
274 637
349 215
166 567
460 848
706 536
502 511
932 202
617 121
585 810
805 981
419 102
438 774
139 359
233 320
812 492
606 771
281 250
798 433
858 708
175 658
59 957
651 145
237 666
309 317
20 960
171 308
888 194
337 204
820 687
158 50
381 155
94 972
475 90
21 474
663 927
522 273
704 596
71 497
176 349
216 858
267 886
966 820
751 198
332 848
65 587
746 322
265 388
87 222
931 428
252 880
869 408
683 755
671 406
587 603
589 9
94 633
904 399
833 511
584 663
450 572
53 895
43 826
854 258
636 91
484 728
565 81
126 953
949 306
398 40
238 811
22 724
783 191
217 108
75 122
313 577
21 880
886 774
282 944
981 114
485 835
895 988
476 638
258 712
791 753
832 462
958 258
248 517
468 10
941 693
610 207
238 756
807 852
199 763
12 813
898 849
179 887
829 241
960 64
672 767
813 285
762 327
175 592
841 456
37 607
149 885
872 886
908 454
802 577
968 297
497 759
611 647
353 651
451 258
324 28
241 746
119 713
428 701
690 669
805 700
954 102
21 397
833 927
353 597
686 401
736 532
211 627
621 792
486 395
73 630
292 720
224 742
647 94
284 576
584 70
752 984
489 262
860 307
573 914
617 2
324 177
272 11
234 594
698 325
494 224
117 875
483 369
623 141
842 996
510 846
7 626
964 535
75 312
223 128
961 319
213 410
530 300
578 32
728 461
674 527
625 123
660 590
259 739
902 519
317 61
191 580
710 444
13 804
655 469
408 337
238 545
478 131
396 146
568 707
705 382
914 482
164 5
104 517
860 111
645 998
375 370
555 953
975 108
905 846
378 667
182 336
865 82
426 782
874 114
568 895
609 85
112 651
479 469
225 364
137 962
46 370
599 152
747 291
766 29
210 180
533 868
888 139
479 686
466 801
621 875
214 579
107 529
970 545
777 515
79 415
172 211
765 76
664 139
828 902
812 3
376 573
341 565
927 978
345 434
452 498
716 615
555 291
43 531
103 590
280 259
483 284
532 113
972 840
290 801
796 692
397 549
438 747
223 343
462 969
543 544
782 360
19 124
242 335
868 239
317 383
411 998
817 863
534 328
18 60
670 460
838 594
450 691
416 783
571 949
585 753
13 840
160 260
400 275
938 799
508 998
201 986
532 890
865 291
370 963
520 834
60 11
408 732
615 763
32 556
19 790
558 873
136 986
268 207
567 997
715 702
609 151
383 260
686 13
324 182
490 90
309 518
774 592
576 503
280 820
559 758
128 888
609 113
148 363
223 977
188 628
986 304
379 703
430 553
702 769
188 747
104 758
46 761
965 493
53 781
806 803
38 697
738 697
210 510
599 888
416 385
452 327
327 597
863 935
516 904
10 57
284 648
836 493
253 301
551 842
241 365
258 827
25 604
584 493
881 349
842 941
441 780
140 928
996 122
918 658
967 939
734 946
310 766
350 955
976 6
649 416
798 835
195 682
184 217
132 153
647 618
229 631
674 964
420 924
227 106
360 521
446 84
701 366
4 226
478 57
533 723
78 919
448 508
312 603
867 171
409 455
597 30
544 134
766 959
793 702
607 149
939 743
302 229
967 269
992 967
277 425
671 537
374 651
767 416
59 353
850 428
83 103
432 285
110 780
295 650
296 764
872 795
279 493
637 517
128 981
295 539
413 972
72 210
399 521
456 113
263 78
466 854
858 628
930 368
966 523
606 546
609 270
42 921
326 935
91 508
879 399
609 383
93 936
390 230
930 43
548 462
401 703
738 972
685 851
725 998
780 553
381 508
823 709
313 132
920 924
118 495
744 160
323 319
986 174
309 240
911 215
34 681
165 331
647 569
329 552
281 960
726 210
855 826
877 926
652 8
576 695
818 588
473 153
991 59
207 584
716 194
296 269
274 700
764 875
278 284
28 371
980 316
42 806
383 105
844 749
780 325
781 28
340 444
268 433
107 91
309 811
734 4
936 91
758 158
151 484
444 338
743 334
211 73
874 395
891 571
667 842
870 855
227 979
908 112
461 971
415 64
590 630
972 117
463 539
463 340
763 850
983 541
604 342
508 611
737 115
741 603
82 72
945 78
230 208
250 754
219 865
245 573
68 751
841 798
860 238
879 306
936 550
518 654
465 114
565 591
158 47
672 895
955 371
295 242
101 47
67 83
431 914
712 156
640 169
107 850
876 759
555 454
521 634
204 901
544 949
906 36
68 847
608 460
579 93
963 954
268 860
234 738
57 171
960 852
777 162
650 176
800 781
342 132
548 855
109 391
293 320
333 639
134 624
835 261
449 66
119 361
929 856
288 360
677 554
18 217
437 545
477 532
460 326
833 228
482 394
563 399
467 546
858 509
724 262
762 821
209 723
731 626
22 921
243 908
62 496
190 645
453 723
288 413
770 529
753 879
93 454
476 482
105 902
230 545
467 241
514 490
883 825
295 240
374 320
417 885
453 95
787 659
629 470
978 686
83 430
836 528
197 90
246 500
676 8
450 379
241 939
610 276
712 154
67 755
90 786
453 258
911 524
653 441
585 451
107 643
825 556
183 302
210 136
285 378
988 959
55 272
354 863
941 271
102 789
781 245
713 496
761 197
115 426
119 498
198 999
306 921
94 788
702 471
578 577
262 884
963 9
637 226
485 373
837 992
821 491
697 181
565 867
412 176
394 391
380 252
753 382
703 88
462 974
393 197
821 141
593 294
322 350
762 631
29 298
657 513
289 389
977 528
433 754
70 745
182 983
539 402
961 36
13 839
869 165
990 953
897 585
860 289
70 907
823 609
330 44
791 937
559 189
482 867
619 878
802 947
17 174
736 578
644 861
701 924
248 284
69 210
749 624
762 269
780 412
561 937
838 174
487 468
823 286
737 985
541 789
746 793
529 821
33 771
978 337
914 745
149 940
561 356
444 632
463 268
530 328
60 394
789 380
37 743
502 809
614 227
799 333
176 85
768 649
715 876
992 471
738 711
353 547
48 31
690 674
485 38
413 777
513 251
950 80
241 514
120 385
836 95
207 801
543 336
301 613
711 754
33 399
587 800
317 663
745 158
191 764
593 215
422 315
166 814
320 861
54 881
17 915
569 414
358 109
868 202
275 39
355 885
377 909
229 916
433 931
565 970
68 534
198 749
694 742
241 78
706 176
892 171
407 256
997 480
545 231
839 509
860 824
312 894
276 665
887 17
952 37
601 184
449 187
288 231
821 899
122 12
378 114
179 127
787 892
348 606
863 169
921 690
830 802
800 241
948 425
696 450
607 148
647 944
576 872
518 911
174 945
801 665
622 563
537 627
24 858
90 284
887 597
374 648
140 80
793 650
577 739
858 928
909 228
782 594
126 136
292 250
19 930
6 568
614 429
696 887
581 188
560 665
854 447
642 80
145 520
510 186
241 741
499 391
979 913
853 936
290 202
888 85
335 986
799 43
968 493
384 110
148 255
556 268
495 32
673 552
34 226
219 34
147 449
441 220
197 743
181 226
698 60
388 972
299 27
707 166
410 848
343 178
242 35
996 136
160 786
713 746
756 520
964 928
427 268
858 88
807 33
226 670
247 52
599 323
303 262
269 434
960 286
535 955
649 44
868 160
31 332
742 250
912 650
972 198
611 414
21 894
575 315
479 470
283 107
878 744
277 889
800 174
14 408
588 773
990 113
919 175
724 325
298 701
880 75
18 694
903 763
541 522
909 38
162 941
201 913
367 131
404 594
249 151
460 886
852 80
1000 835
99 993
378 731
344 935
642 274
535 93
120 910
162 806
853 618
325 449
272 211
715 294
396 846
776 707
448 564
712 705
16 200
897 881
129 495
619 370
16 871
534 505
793 49
850 66
408 209
617 853
559 542
618 38
447 336
249 569
197 953
642 854
261 337
257 508
577 779
599 690
837 745
766 193
141 802
916 152
198 102
580 13
581 724
241 347
24 191
454 673
695 509
185 108
497 130
995 415
333 284
996 172
636 411
323 282
17 603
788 176
60 735
77 791
26 987
975 770
483 192
506 291
712 458
626 48
682 238
935 144
648 850
5 91
584 516
109 517
260 47
464 491
930 239
462 618
905 295
190 827
619 615
35 758
161 535
680 737
551 294
330 934
518 565
723 581
325 865
826 914
791 900
259 15
79 662
283 405
981 374
196 978
839 888
553 23
827 592
775 405
540 315
870 534
749 651
328 441
715 263
684 974
386 9
42 472
905 739
699 267
584 211
575 864
852 475
247 85
828 466
274 869
760 378
875 859
750 789
162 258
644 464
992 93
48 229
987 466
474 643
946 719
814 885
798 286
600 513
105 101
90 979
769 52
789 57
529 660
180 704
851 960
722 383
85 589
964 192
289 88
822 162
355 715
817 482
67 223
506 613
384 739
424 944
926 122
670 129
752 676
824 305
551 134
762 517
883 425
265 433
928 351
580 418
485 598
124 250
307 778
553 550
950 544
593 293
468 767
90 297
441 577
562 959
782 136
804 960
471 869
256 890
222 766
174 696
325 948
558 546
575 704
979 459
541 464
909 396
416 751
348 746
719 25
496 317
244 939
540 232
598 402
891 644
982 573
715 338
413 987
720 762
634 110
818 89
272 125
588 563
899 424
666 421
903 592
649 689
728 918
162 580
719 216
23 849
962 959
323 747
175 522
272 283
679 938
994 264
990 170
672 988
875 839
549 394
140 751
427 726
525 657
230 153
590 841
885 403
110 608
766 142
767 595
594 7
833 837
850 925
319 162
30 19
509 784
962 402
413 42
142 536
564 497
980 974
34 188
290 646
475 654
191 662
636 451
341 619
748 645
675 873
894 927
650 329
9 71
636 50
284 479
982 34
734 579
915 103
276 555
151 937
380 487
347 662
30 905
752 317
182 944
553 316
644 141
259 425
207 487
200 246
598 220
250 70
929 609
435 232
421 389
807 252
762 989
563 228
891 819
303 929
538 426
994 56
64 61
981 302
231 131
990 180
244 830
245 483
89 527
86 66
588 599
738 164
224 641
616 792
339 211
965 907
857 530
913 736
917 744
455 857
991 955
150 137
100 409
707 732
45 989
762 401
671 825
684 692
48 222
266 877
693 642
93 866
828 763
41 735
171 664
962 677
50 535
290 230
1 121
591 443
975 757
872 586
393 759
305 419
183 390
152 106
52 451
402 654
4 622
955 454
462 762
546 249
863 554
313 138
498 182
872 503
507 76
894 552
329 956
421 767
273 628
356 191
428 732
765 709
927 714
17 527
530 734
935 239
190 34
337 542
726 208
564 235
143 488
38 246
132 127
808 964
191 476
928 246
947 786
160 96
715 222
164 552
436 277
511 883
113 776
905 266
344 108
625 45
643 410
476 633
826 780
792 660
9 686
395 709
539 202
957 87
571 733
199 756
273 517
857 844
987 781
144 225
110 972
421 667
406 33
13 449
608 565
973 344
827 789
975 149
202 741
747 26
875 993
552 28
129 381
520 634
867 645
230 71
656 106
305 156
966 331
497 756
370 634
903 190
7 389
154 843
817 692
931 49
589 533
550 997
868 604
975 344
907 8
779 684
28 983
859 819
880 758
133 576
396 994
346 277
702 686
918 635
299 233
637 107
34 118
162 163
169 645
972 898
54 492
347 274
981 735
553 952
401 443
538 61
366 413
975 781
413 308
414 631
509 398
703 175
904 317
855 984
958 451
412 483
704 258
379 817
354 78
476 18
377 279
361 890
952 775
312 678
79 736
601 784
943 75
929 553
484 884
199 843
406 483
339 828
568 710
737 721
370 986
926 773
395 975
582 376
81 678
372 250
693 951
361 694
672 287
112 416
476 129
407 749
471 158
491 964
225 240
45 37
457 953
664 577
719 997
991 768
617 679
870 83
249 619
971 1000
527 169
112 797
208 476
98 832
335 925
766 147
487 630
774 292
776 941
486 426
368 865
555 407
58 165
699 118
318 371
216 789
677 904
470 158
452 735
882 374
845 66
539 955
612 339
495 313
817 481
638 651
437 496
39 28
890 716
433 901
159 309
307 924
470 120
497 981
294 170
227 149
545 104
69 890
74 512
660 783
221 943
816 517
501 171
734 759
934 501
38 62
386 567
880 471
834 185
28 96
708 642
783 240
435 30
329 551
278 504
575 370
579 631
339 762
502 90
468 990
325 947
515 671
367 93
576 927
649 837
585 579
571 660
682 263
611 183
65 271
946 144
70 24
217 500
914 434
294 592
207 209
822 950
418 584
112 381
249 948
219 540
951 327
457 135
274 823
831 829
926 515
983 598
620 876
414 311
608 876
111 651
810 788
387 637
154 784
434 512
720 773
791 476
339 389
675 127
90 517
456 167
241 695
798 379
401 95
343 74
399 468
385 366
868 763
297 357
713 402
309 26
73 563
974 459
158 244
847 677
110 141
781 949
205 135
856 769
446 838
342 480
143 241
920 818
886 749
1000 96
393 150
892 54
949 425
570 830
311 896
347 459
419 966
332 413
228 350
247 82
929 917
108 756
990 750
368 329
296 502
183 785
62 221
967 549
421 162
731 777
786 417
725 500
375 319
911 771
697 659
806 95
39 580
905 382
692 146
431 238
490 598
143 730
754 503
57 669
442 661
408 797
65 378
654 210
752 28
291 1000
364 493
314 587
863 691
460 765
961 800
49 686
47 431
892 728
72 537
861 775
40 55
50 208
434 883
698 676
480 157
813 309
249 848
68 508
89 959
607 453
633 58
743 5
874 180
68 259
35 90
384 322
376 188
875 802
380 741
491 541
292 986
993 819
870 27
249 547
710 752
954 78
851 314
284 969
106 271
383 889
186 423
78 233
172 150
524 451
360 398
638 993
732 382
626 985
597 500
102 674
499 651
845 10
662 66
423 244
150 788
264 835
651 849
502 599
216 636
397 537
337 150
38 789
721 149
372 787
981 683
29 206
765 708
541 941
825 256
313 468
140 842
227 58
890 486
66 228
764 499
669 989
910 395
643 524
240 191
259 375
946 578
136 458
946 487
326 549
421 471
351 810
65 469
431 130
127 307
402 388
353 338
796 212
568 299
566 970
719 460
900 298
170 523
482 393
196 527
213 951
54 613
827 935
258 118
387 262
887 571
378 729
624 209
476 754
957 681
524 972
305 2
897 710
917 267
938 971
98 603
512 955
106 62
272 356
920 400
708 279
391 101
603 619
395 110
2 772
78 43
667 538
779 452
878 316
505 933
481 711
537 58
591 363
774 313
776 946
652 746
360 347
802 174
699 794
950 132
542 180
587 797
90 799
931 511
717 402
223 601
940 375
937 881
483 484
411 579
638 876
643 940
458 682
111 244
955 594
226 606
100 123
527 294
164 792
919 664
246 692
68 616
101 162
553 968
63 343
526 917
14 169
894 807
53 333
881 68
592 241
973 428
811 273
152 946
407 330
389 843
356 434
599 470
554 53
520 509
540 992
173 649
890 365
304 888
13 800
216 148
815 976
545 911
269 7
696 269
778 937
256 958
757 876
761 361
374 468
573 74
603 378
227 530
231 202
782 750
552 219
878 855
566 792
187 352
903 622
192 218
766 724
913 798
953 793
357 897
84 847
582 186
657 273
453 382
942 95
44 333
300 231
407 605
656 87
642 22
995 862
827 30
332 720
521 314
462 119
158 876
270 810
436 598
805 715
258 670
977 286
758 677
941 507
926 337
51 953
287 793
471 108
536 299
224 791
578 646
349 234
825 787
399 352
299 212
963 125
431 947
413 68
702 474
573 946
858 257
854 753
218 95
725 487
797 111
583 610
450 122
768 865
751 984
55 977
268 80
445 821
906 313
692 490
323 393
723 574
843 846
455 124
459 121
61 773
192 604
538 607
514 905
848 887
830 43
598 71
545 841
711 220
514 824
645 254
540 964
887 447
550 671
643 469
369 950
503 827
464 910
818 885
469 499
37 223
226 136
444 55
482 894
304 578
808 318
342 722
435 428
37 160
349 206
574 409
120 746
926 870
947 265
931 652
415 487
128 687
535 22
611 916
287 185
510 50
735 575
719 218
123 873
126 226
328 181
686 128
796 704
637 750
858 749
785 593
495 152
232 416
50 625
932 663
121 341
261 577
300 489
197 639
890 924
742 149
279 905
802 214
404 430
979 562
661 258
62 19
778 46
392 381
963 998
445 889
811 42
761 907
247 444
543 627
717 951
655 853
582 927
640 434
754 48
789 543
26 785
537 302
982 32
144 684
125 561
173 111
187 782
350 846
186 951
222 542
998 830
877 71
952 226
222 260
481 670
652 855
207 114
670 556
123 321
622 869
805 267
843 72
478 61
351 817
759 212
160 292
420 894
724 300
338 547
601 95
987 946
629 361
22 777
478 351
373 43
637 846
396 86
469 632
951 127
668 140
631 700
799 464
446 776
532 905
439 449
704 126
387 698
976 291
357 584
28 696
177 210
490 43
861 40
241 999
130 200
115 954
757 503
723 187
561 308
528 59
34 428
737 107
901 802
465 360
28 994
220 502
96 204
495 188
542 959
798 453
547 71
713 339
254 781
71 937
573 689
498 323
560 202
633 388
902 351
950 51
552 638
720 512
423 401
10 118
980 782
358 686
622 491
593 167
539 380
890 803
318 264
564 544
967 613
988 640
238 99
294 273
3 964
958 888
856 798
543 710
637 167
826 470
973 165
441 812
190 81
247 384
838 877
68 629
199 285
886 633
977 947
616 13
959 231
191 329
35 993
442 997
425 241
632 759
463 585
230 844
284 172
416 457
804 907
571 896
40 984
496 10
739 214
481 698
118 177
257 305
51 248
223 762
520 81
350 68
867 122
977 750
355 302
800 161
930 828
351 954
344 140
382 964
148 772
187 726
494 982
456 512
453 690
288 595
251 741
36 977
623 895
992 999
22 132
975 230
922 926
10 756
639 181
396 457
580 6
52 612
904 524
512 781
433 84
771 828
40 306
974 981
296 732
499 503
651 466
676 431
709 104
803 239
658 206
625 841
393 1000
713 254
351 1000
742 115
944 390
158 896
675 54
604 112
567 124
163 874
500 600
112 834
665 492
451 39
181 338
662 387
785 254
858 374
346 130
661 201
129 936
816 942
800 547
858 281
436 951
239 651
647 379
851 676
358 948
388 193
25 649
264 975
947 594
761 143
144 756
532 303
847 858
389 842
47 802
964 818
35 874
861 650
164 55
437 606
316 769
248 695
374 11
412 364
731 630
48 669
190 649
624 897
382 913
607 88
411 349
72 905
587 228
595 935
535 412
27 877
102 483
631 444
800 427
784 864
801 838
831 906
814 188
918 110
866 791
581 224
378 621
50 167
974 817
82 153
936 1000
846 367
278 747
428 60
858 552
642 825
113 599
129 234
607 165
495 101
871 974
729 977
214 772
823 875
408 33
681 674
281 576
870 258
551 861
185 28
385 546
498 109
157 94
832 729
582 137
333 317
854 353
583 605
949 83
21 608
243 560
275 237
938 87
976 430
890 428
412 82
166 65
521 86
613 696
192 716
801 294
674 556
714 577
679 317
574 45
400 264
40 831
597 5
451 871
969 991
572 308
828 174
22 221
26 144
447 832
598 512
183 842
19 797
828 29
480 243
796 547
211 5
359 133
900 139
275 800
871 46
598 738
675 259
895 420
381 970
240 610
888 462
504 471
983 961
486 155
768 542
253 228
948 900
435 875
757 308
950 170
965 327
694 271
223 877
719 872
647 255
336 655
278 614
409 757
138 413
512 642
572 606
110 472
217 557
128 10
242 936
295 182
831 320
669 357
228 235
582 754
972 794
494 50
167 120
519 231
789 685
351 380
912 900
300 796
454 639
551 167
990 605
258 550
778 257
172 752
216 384
623 305
866 454
153 260
740 499
616 161
597 91
817 894
468 798
251 134
216 931
91 625
807 799
818 856
78 873
562 606
265 552
216 222
506 886
769 876
558 722
425 950
632 954
688 892
585 656
711 80
132 681
204 534
923 64
123 686
933 39
457 502
365 549
923 241
691 77
654 323
841 344
382 824
690 175
451 609
823 457
239 781
671 661
931 824
571 257
241 998
296 737
975 35
832 979
686 50
97 267
525 289
174 369
427 9
875 804
305 805
179 733
932 293
612 664
367 384
573 565
206 6
906 856
234 311
237 660
182 63
555 563
168 729
285 275
906 811
30 227
547 983
884 316
996 342
16 684
57 432
223 615
617 40
214 366
894 732
95 697
422 347
647 278
760 736
299 428
357 382
545 722
379 154
894 559
916 341
260 273
321 261
124 206
644 447
241 110
294 240
904 260
833 354
855 817
324 815
41 279
84 403
145 241
703 370
854 250
468 929
146 221
715 49
350 468
723 538
66 567
505 13
382 965
643 189
972 919
317 870
174 977
897 570
993 578
770 219
199 535
266 554
92 456
58 328
261 853
135 188
323 676
784 178
2 915
115 774
392 875
581 45
971 961
803 189
408 213
372 270
923 694
945 978
61 678
989 393
616 35
465 117
564 743
512 330
548 408
172 884
142 815
881 494
470 881
882 337
962 473
878 221
592 838
864 955
320 665
506 700
275 99
730 16
393 172
39 347
212 273
150 629
213 420
825 764
626 447
355 111
378 212
36 562
172 656
94 264
424 276
540 994
99 146
173 647
268 669
179 10
17 411
716 227
169 96
353 259
192 911
691 487
838 266
677 152
74 431
960 388
886 968
182 665
679 719
645 459
67 843
340 477
586 469
428 74
886 288
631 106
537 728
258 459
171 950
783 154
486 109
491 953
496 977
400 401
728 732
822 378
880 567
699 493
476 676
358 442
505 982
914 928
220 447
35 707
759 842
697 420
798 258
676 890
149 809
432 941
300 406
568 457
543 379
413 66
34 921
755 751
938 419
262 894
949 905
217 754
569 389
42 271
479 854
815 648
17 571
750 439
316 593
707 384
468 660
837 781
53 318
493 967
96 799
931 963
307 191
406 266
449 210
35 777
451 985
730 500
984 158
64 166
118 105
430 405
454 111
331 496
399 706
45 578
136 738
504 796
202 510
956 203
405 315
317 543
759 919
469 836
957 751
27 662
690 490
193 642
824 968
291 13
516 562
362 922
26 370
556 406
421 771
702 779
387 796
172 30
525 542
396 982
175 343
536 265
935 643
665 427
78 144
264 588
944 222
357 103
893 21
17 884
270 550
321 499
220 673
868 885
324 333
711 745
453 805
592 895
755 221
648 673
262 853
413 471
74 797
461 491
557 433
949 438
661 482
556 760
638 643
584 753
839 363
470 266
97 642
204 162
454 650
295 35
311 675
312 143
174 617
966 81
492 116
369 967
876 426
178 807
450 512
970 347
843 219
165 59
627 832
260 769
267 578
616 495
585 608
821 672
606 206
693 252
827 559
117 387
390 995
675 627
259 216
154 46
770 244
809 266
989 258
600 129
837 188
250 518
917 756
993 86
90 706
172 573
775 779
244 79
561 443
513 312
568 829
221 769
629 860
686 269
858 44
998 35
46 684
603 302
430 702
289 826
676 690
608 216
140 998
883 489
7 208
752 947
146 628
55 708
495 269
336 394
753 479
492 517
293 628
557 403
760 737
51 574
365 925
308 151
512 171
401 275
33 900
522 860
834 986
229 516
532 277
421 242
248 814
389 852
914 53
473 227
541 255
341 412
821 994
416 923
331 975
231 509
257 760
75 849
38 295
184 167
260 997
335 291
869 807
451 830
72 168
644 899
884 520
956 941
482 804
799 545
156 549
599 452
607 260
334 664
724 32
463 60
801 809
22 700
53 972
1000 329
942 74
177 252
838 235
68 215
537 364
184 900
867 649
227 806
112 614
946 448
49 200
145 888
573 600
668 928
282 898
106 479
931 246
572 656
422 523
449 623
746 143
655 715
58 141
367 133
746 286
916 20
702 573
375 783
33 74
345 456
697 163
863 522
155 603
378 384
626 218
826 488
275 98
441 846
156 167
643 490
949 494
56 115
809 603
844 345
178 570
929 850
215 629
899 614
928 885
556 599
320 471
450 678
551 332
482 119
504 547
857 97
344 230
145 109
477 550
297 186
616 408
264 269
411 174
251 431
753 865
883 910
667 401
249 66
952 617
888 615
743 283
619 777
505 409
141 219
325 142
435 450
678 386
465 635
136 549
746 668
249 924
115 967
98 651
871 4
33 968
453 379
705 214
239 430
297 647
372 77
616 995
107 185
230 103
54 785
1 155
262 290
676 788
497 613
427 894
11 127
987 326
702 767
261 507
372 402
335 526
720 458
516 154
83 304
773 481
423 40
775 279
797 507
194 848
871 686
655 973
315 933
470 238
212 847
432 495
637 250
307 785
535 905
935 179
691 695
489 634
603 549
942 996
1000 693
838 597
176 386
127 406
934 120
347 830
578 142
84 315
415 573
770 604
184 401
957 42
154 297
209 834
265 624
32 837
966 184
605 536
53 753
991 287
316 5
672 277
52 575
550 266
455 594
629 259
255 989
173 285
67 806
326 197
704 21
898 77
809 446
3 371
945 170
810 688
374 576
267 390
658 589
182 311
22 428
850 229
137 918
763 784
586 827
742 533
884 4
736 335
15 962
664 976
706 164
172 31
656 340
328 997
538 253
664 895
422 595
868 743
483 579
660 305
863 940
510 604
965 63
172 829
12 662
142 541
509 668
759 764
150 780
230 89
341 835
712 297
604 975
130 511
809 693
81 270
446 353
416 213
90 500
381 563
119 99
584 754
270 99
639 776
496 780
112 632
187 796
817 973
853 28
289 551
530 17
456 990
520 7
886 220
140 360
749 300
640 864
1 662
274 738
314 599
925 897
72 541
473 578
763 100
446 783
316 946
625 576
265 380
776 606
157 781
603 869
639 99
550 528
1000 488
885 175
577 662
287 47
272 380
257 200
115 812
222 752
945 749
175 666
514 16
590 831
6 860
867 629
963 395
623 511
215 206
785 707
733 781
292 597
684 471
668 972
780 962
107 990
972 602
333 16
65 722
561 245
45 412
229 79
157 226
342 294
90 775
1 127
503 470
403 158
859 145
270 434
627 453
391 598
177 974
768 215
480 730
271 12
932 842
57 144
693 583
798 791
138 42
364 735
653 761
422 59
209 462
32 449
19 189
847 835
226 779
43 835
783 135
843 920
256 648
647 980
144 937
113 276
919 308
723 687
460 575
220 276
339 694
451 912
285 676
669 606
922 746
307 261
516 183
957 451
411 483
516 326
171 831
212 253
514 291
734 158
258 485
995 590
563 786
712 632
417 588
783 793
418 767
145 605
439 87
742 276
466 19
712 711
235 466
71 872
922 302
906 747
67 685
603 623
681 605
702 881
781 203
488 773
128 214
326 713
132 742
258 553
741 294
464 93
944 8
711 914
641 104
489 731
989 568
150 746
228 222
963 133
945 690
802 29
519 977
919 950
560 471
712 274
967 586
319 274
151 665
869 420
603 88
937 142
218 246
536 1
189 439
263 764
32 382
617 437
764 444
105 745
531 5
787 656
679 133
576 746
103 816
484 587
730 367
769 825
679 282
916 568
532 8
371 507
503 430
862 243
703 481
174 785
69 453
643 942
754 571
972 454
956 963
938 690
246 231
838 411
668 343
549 92
397 223
145 398
843 371
37 136
149 590
222 140
630 25
458 518
291 821
623 924
61 387
465 634
706 600
301 404
174 98
970 965
989 39
149 800
480 89
909 806
877 814
966 281
422 119
726 359
598 680
429 385
695 605
509 179
486 86
611 683
373 314
129 126
354 999
315 343
357 240
927 164
766 148
936 521
464 250
875 524
380 934
162 81
915 917
148 44
811 804
573 861
686 548
836 497
456 426
937 862
935 511
683 366
471 712
101 613
638 652
768 224
76 141
557 474
561 543
204 41
530 505
323 397
881 395
954 553
27 401
820 82
53 429
960 597
174 595
191 531
639 677
557 917
515 629
506 146
624 849
731 599
830 777
409 499
616 501
537 496
728 207
490 654
490 210
408 693
412 529
752 68
880 137
802 955
610 126
106 916
11 577
504 141
321 553
165 712
745 686
482 604
747 72
679 979
765 960
59 180
771 889
919 458
645 848
405 27
122 147
106 114
879 669
419 339
457 996
849 410
79 293
409 841
661 773
893 817
675 98
324 92
751 471
290 221
98 865
172 24
361 209
718 55
168 655
906 901
584 55
237 975
794 638
333 153
546 239
655 947
640 104
422 306
828 785
228 101
251 972
750 486
109 294
313 225
649 351
480 894
795 594
140 639
962 33
48 545
237 19
754 191
169 883
317 411
377 752
982 407
344 487
604 187
648 255
151 788
43 759
191 567
412 288
991 510
511 810
877 333
520 441
168 880
652 686
688 895
230 902
415 528
382 605
143 545
630 167
832 362
796 205
781 159
406 428
135 550
435 396
37 320
847 339
562 481
947 361
287 264
236 672
623 980
249 859
175 583
932 66
1 288
780 14
144 296
757 356
6 962
724 851
466 191
333 507
495 184
41 705
138 301
379 595
289 847
289 90
92 180
354 943
500 657
988 894
422 636
405 898
409 583
706 710
967 720
927 910
20 47
78 285
673 793
712 247
588 410
115 280
775 350
263 522
270 290
109 266
823 626
312 84
419 792
186 751
170 158
744 55
542 398
85 353
507 51
454 448
961 298
523 495
742 753
14 214
381 839
240 293
208 771
597 375
28 54
907 797
711 275
734 688
6 407
256 316
804 518
91 719
539 339
388 301
65 424
784 602
692 883
711 49
53 995
863 138
611 101
120 584
841 198
641 784
624 1000
808 255
240 993
387 508
830 592
300 587
249 21
867 531
456 729
256 502
409 197
122 380
362 175
291 233
666 487
928 349
270 584
801 920
920 130
537 370
82 177
559 705
470 712
148 242
277 24
371 181
672 794
175 697
641 333
552 288
663 724
867 873
392 765
105 114
233 69
197 930
988 979
291 293
917 89
168 696
426 452
723 294
7 161
377 457
854 524
86 634
323 84
747 243
769 82
309 393
51 894
129 940
601 652
798 86
214 137
401 556
642 738
688 364
503 101
582 840
91 879
54 401
659 2
8 361
422 75
191 280
860 729
220 824
973 470
42 72
78 650
706 243
618 903
615 56
147 783
830 48
85 103
35 878
970 447
68 333
19 329
592 133
761 530
373 860
174 679
231 402
852 180
402 338
946 618
422 129
688 775
565 752
819 223
527 790
288 405
808 332
438 667
75 895
113 384
779 893
50 435
815 426
619 733
204 680
466 323
191 946
509 511
830 735
490 476
897 692
951 377
404 244
222 943
550 141
316 304
637 596
799 293
983 584
250 572
783 892
400 891
330 500
957 569
617 536
304 231
177 111
941 101
543 177
284 554
999 307
233 144
15 1000
253 77
950 221
788 680
578 772
543 70
889 925
348 278
940 50
615 368
533 77
613 159
906 113
894 648
309 30
989 652
578 601
461 371
891 386
690 875
750 459
950 281
861 351
368 581
394 399
887 231
801 216
341 143
380 363
455 123
522 565
264 126
322 300
293 509
648 196
117 537
709 805
856 359
109 133
271 394
459 858
44 964
472 31
145 79
184 403
368 144
498 181
381 186
984 122
316 7
444 204
891 669
395 912
568 744
201 961
121 26
106 974
239 750
637 903
840 631
718 76
71 525
844 787
903 478
140 906
89 982
509 229
184 958
893 863
654 679
126 118
733 182
849 409
741 667
779 434
713 186
971 906
756 120
573 670
354 904
888 176
755 226
927 155
395 314
295 221
959 266
300 373
606 123
894 785
164 170
627 122
367 191
833 719
962 493
889 699
603 485
567 326
259 837
223 412
498 141
372 662
284 304
506 640
52 276
788 128
542 543
814 356
997 310
484 863
274 141
574 768
497 476
26 794
407 427
816 584
302 711
817 737
394 562
434 455
713 976
47 881
104 345
344 488
575 316
266 265
401 48
222 408
668 18
961 24
779 553
610 473
529 316
929 634
683 567
481 371
335 328
762 996
36 811
862 91
130 304
648 429
13 69
282 102
340 272
268 21
107 7
515 44
81 736
304 321
466 45
825 100
396 256
783 948
715 546
497 705
205 656
831 684
772 677
138 347
819 576
343 262
422 915
153 446
780 877
236 869
534 324
758 742
63 788
279 827
910 823
340 827
417 601
197 606
845 531
271 872
879 7
826 241
76 496
901 737
258 869
411 637
121 829
17 998
588 411
89 975
96 525
461 315
544 529
360 146
416 132
54 394
740 189
99 271
472 923
937 439
20 509
431 453
342 224
952 20
421 255
960 623
498 994
839 305
19 300
648 156
943 463
651 677
378 47
625 38
364 14
365 483
502 132
909 380
715 53
897 955
400 227
787 529
495 682
643 859
499 559
390 962
491 179
80 778
407 849
47 318
31 837
589 859
316 301
193 734
367 396
439 81
757 470
426 784
245 738
83 251
747 160
569 832
382 389
590 750
742 485
104 537
980 474
451 268
56 732
242 699
884 126
698 80
851 367
488 775
694 203
947 954
594 55
499 137
38 388
177 701
395 322
186 21
219 6
386 708
872 316
858 371
491 672
558 293
815 771
158 310
389 550
273 600
830 324
121 568
247 498
399 492
345 382
329 833
660 899
807 108
188 640
323 403
252 283
825 181
475 636
282 760
137 219
691 604
982 109
621 483
235 552
416 910
324 783
74 614
87 956
911 976
550 176
16 529
654 114
457 283
772 25
350 37
334 942
389 599
231 482
506 239
344 254
792 614
243 468
278 305
271 806
89 686
532 872
919 56
5 936
640 225
728 19
32 538
269 995
155 204
370 804
85 572
500 231
914 278
619 155
969 440
970 963
113 713
849 658
478 570
944 746
780 64
139 328
583 397
253 874
477 354
695 352
858 787
585 121
487 649
804 221
537 510
866 626
499 71
420 248
393 598
690 292
824 782
680 466
220 443
811 632
577 894
7 119
500 859
928 828
727 420
896 765
755 468
897 119
260 897
779 119
548 440
113 731
989 538
976 871
319 7
266 401
410 856
160 303
324 687
453 845
662 843
152 472
778 52
318 453
284 301
762 130
696 661
694 864
678 549
717 1
497 166
61 573
261 43
194 222
878 108
78 628
134 442
82 907
820 173
33 181
252 319
455 122
447 843
189 330
502 947
105 715
109 243
492 253
132 62
722 842
118 323
105 852
568 28
805 273
109 132
592 354
208 603
607 42
312 585
615 803
340 31
696 303
536 728
982 565
253 699
622 540
495 738
442 474
558 772
598 517
993 500
952 759
940 572
740 894
317 539
853 697
178 323
641 633
895 466
71 524
679 973
297 599
743 30
836 908
448 965
159 614
914 734
241 846
511 426
738 506
847 12
249 671
68 165
514 11
665 141
594 221
590 438
292 572
663 543
910 856
547 62
732 482
237 572
978 278
613 289
449 596
102 814
622 465
20 21
404 436
428 466
637 44
180 339
508 96
589 137
310 938
445 625
530 569
432 612
731 88
863 591
99 274
412 237
887 869
109 437
165 483
554 495
995 300
333 685
749 229
489 887
972 68
442 971
62 196
229 637
378 153
514 871
218 462
240 138
347 750
919 444
497 317
616 309
155 467
48 769
303 75
911 776
7 721
227 485
504 606
946 333
363 229
679 429
770 942
97 834
653 410
35 404
587 163
951 642
992 977
790 706
210 882
302 98
73 186
862 378
554 587
500 223
193 753
729 551
141 369
257 860
455 464
465 721
597 600
513 387
144 298
591 126
560 994
543 251
620 990
750 981
567 225
827 92
30 907
172 111
546 444
488 812
429 565
759 782
903 112
817 247
474 498
112 939
976 912
845 936
33 305
806 724
932 919
963 59
90 181
995 913
772 595
954 794
811 255
719 542
211 815
362 522
752 661
703 10
474 305
432 671
587 549
109 409
935 231
294 245
26 895
869 367
325 705
934 421
807 937
995 217
523 638
781 590
244 561
359 550
382 669
734 694
331 193
350 191
904 103
243 781
778 512
528 947
293 204
293 5
352 591
313 703
266 5
291 572
58 785
41 69
403 938
978 926
302 156
433 275
141 34
967 346
364 301
438 556
663 189
317 865
1000 829
250 324
474 416
509 473
572 249
482 915
766 675
362 173
58 738
940 516
939 987
120 919
550 428
790 964
720 934
679 917
426 785
11 873
619 476
253 822
681 561
21 176
817 49
525 320
286 332
968 419
327 864
954 250
883 272
901 913
850 59
443 371
154 962
11 87
910 865
738 644
423 290
530 972
33 364
443 839
949 822
254 930
717 314
440 346
557 209
996 375
390 184
543 386
86 747
380 12
436 782
988 755
592 684
810 639
519 149
962 466
893 330
128 434
716 709
481 796
638 868
579 71
543 672
433 913
638 742
220 907
223 356
797 53
247 98
715 275
679 49
848 243
703 191
62 13
815 465
13 631
48 776
90 346
520 277
902 611
961 421
982 477
469 134
312 831
574 59
740 263
640 525
917 771
282 778
579 528
943 83
156 871
572 447
330 62
972 449
421 325
979 423
49 670
175 170
378 802
876 101
149 751
218 843
455 618
539 95
128 620
64 125
942 392
47 364
805 176
754 792
410 136
429 220
913 791
384 483
754 875
611 974
79 44
763 667
656 253
325 428
58 361
797 770
672 969
110 701
408 135
618 515
214 751
578 383
974 213
840 25
750 636
72 99
828 554
393 823
33 264
430 762
533 75
384 990
186 358
59 732
318 889
797 326
634 856
634 358
397 888
589 228
369 257
479 972
704 774
462 570
526 687
410 913
685 345
802 431
753 411
60 773
632 488
543 644
159 655
597 459
561 621
433 782
601 825
575 277
139 973
736 911
75 63
458 141
352 920
226 929
52 741
236 10
990 935
442 761
355 364
288 435
550 447
520 254
994 45
614 706
852 179
890 106
156 762
412 620
966 207
308 941
184 755
409 274
976 317
891 524
92 13
808 72
370 841
116 357
46 72
303 603
253 924
185 676
24 614
281 121
580 635
743 25
181 545
457 792
923 599
227 866
767 868
625 779
663 681
997 751
45 146
484 438
504 332
694 257
849 296
354 902
262 157
819 772
125 21
38 692
20 935
883 121
756 489
759 986
669 462
485 189
747 550
677 963
197 521
826 219
458 172
432 918
622 321
642 569
882 146
480 898
320 855
906 226
548 691
244 662
668 424
213 261
952 395
274 139
230 952
149 206
703 102
338 982
172 750
156 235
449 407
113 577
772 301
170 475
833 265
299 757
619 760
18 23
920 583
5 299
652 730
446 759
730 290
950 807
790 584
33 365
460 535
190 760
145 41
662 630
484 248
5 717
908 914
490 737
342 646
538 435
408 660
316 37
321 665
710 157
948 546
204 754
886 498
715 710
628 685
535 51
549 371
735 536
760 332
98 591
483 935
586 200
749 876
953 715
625 678
538 119
991 819
262 351
159 237
625 823
664 897
93 889
996 638
258 876
319 491
11 42
712 909
591 159
632 100
443 455
216 951
984 801
987 130
845 800
725 890
427 971
551 914
590 76
773 404
681 75
466 766
824 404
461 313
146 653
661 400
242 168
151 742
778 348
621 364
125 637
143 66
576 148
273 961
777 28
317 331
9 106
56 459
404 124
170 447
504 669
873 756
736 984
18 123
411 40
194 344
839 104
456 879
494 767
243 957
288 196
511 329
58 798
865 390
576 991
939 687
288 507
472 328
988 571
849 906
850 603
209 353
526 364
700 423
891 564
676 136
235 168
399 803
865 209
663 386
627 336
373 298
412 890
897 734
419 14
195 772
757 468
332 76
742 264
154 801
945 234
159 48
126 61
932 496
497 739
684 657
6 941
724 882
449 832
619 364
257 89
760 70
390 415
547 104
231 755
401 886
254 848
71 906
241 631
98 804
503 911
157 337
451 44
495 447
789 792
7 819
826 147
295 116
673 812
730 823
752 803
368 604
5 175
868 921
544 575
891 360
950 675
564 289
748 710
450 897
798 985
702 147
649 485
133 156
264 69
677 479
489 846
782 261
347 696
356 698
743 850
445 11
563 408
468 860
804 982
786 201
143 324
398 18
940 834
568 497
914 165
323 893
866 234
153 621
282 779
669 653
34 504
930 859
535 292
826 920
847 758
636 567
400 754
686 207
83 458
69 227
733 284
25 696
331 552
426 976
478 425
482 948
67 990
504 228
12 69
378 517
35 316
254 432
440 612
62 827
853 532
529 838
602 788
932 389
84 472
775 825
906 568
410 427
305 183
534 32
42 802
3 568
278 738
742 391
661 761
803 1
864 17
917 9
888 151
908 311
949 920
533 217
972 527
718 223
955 315
427 898
45 335
31 268
868 863
81 123
851 619
764 792
301 630
450 336
472 648
379 756
988 720
203 552
150 869
63 12
981 521
92 428
986 433
398 291
848 434
124 283
873 769
178 761
43 292
894 617
695 584
972 979
942 783
501 549
797 745
203 436
548 894
570 914
674 948
566 590
290 973
114 649
61 910
71 807
134 730
799 928
982 510
235 679
623 504
973 729
692 135
757 935
387 27
80 551
504 947
992 383
749 353
862 98
861 661
26 360
799 599
781 200
819 429
650 477
154 468
247 683
305 864
434 836
311 142
465 602
429 63
723 570
201 372
809 417
386 146
292 856
831 693
387 612
773 732
315 604
295 504
965 535
445 517
392 809
455 652
673 680
376 792
819 918
345 847
16 921
569 270
737 289
813 140
798 352
547 32
234 365
992 337
42 568
613 303
559 841
104 881
137 375
587 844
4 636
538 724
189 680
444 951
708 132
583 666
414 779
381 492
609 585
294 493
433 374
975 942
209 315
609 954
385 688
988 480
314 412
180 115
458 637
241 123
982 56
825 243
591 796
995 191
407 277
571 623
88 833
269 276
437 589
683 778
635 117
981 97
38 418
443 606
28 529
249 291
856 501
250 76
360 644
79 675
460 615
101 935
541 394
676 439
625 281
218 657
168 102
120 671
891 698
514 425
957 369
678 380
494 941
886 499
47 295
784 943
838 118
70 140
396 428
427 241
760 600
903 319
249 712
417 532
469 979
353 890
345 826
660 455
139 787
10 284
374 835
486 265
823 906
975 767
787 491
765 151
436 645
879 403
55 249
868 640
778 232
154 654
674 457
942 142
842 787
955 464
6 2
398 109
377 852
87 237
678 528
38 947
989 753
648 579
150 813
389 43
891 335
488 490
192 409
795 645
613 950
116 754
651 729
156 345
393 185
178 641
674 794
217 861
332 442
248 965
389 205
916 690
373 723
471 950
79 185
749 160
69 603
967 54
970 278
18 907
860 902
659 72
813 844
668 113
339 701
585 693
213 93
794 757
900 396
505 22
359 407
239 869
397 182
365 514
991 338
391 104
814 313
753 120
356 987
339 459
874 893
128 752
681 388
455 529
421 641
135 919
984 339
268 52
70 232
715 741
998 31
991 624
206 472
922 9
317 577
999 37
990 440
866 762
461 694
119 958
390 370
448 527
858 826
197 140
849 597
23 512
49 537
802 965
859 668
805 757
845 993
681 576
918 791
390 412
580 115
46 722
766 125
159 337
54 41
681 977
612 579
686 418
486 388
324 295
387 804
719 734
868 676
235 865
510 665
938 438
746 95
376 669
656 959
164 946
823 573
216 545
237 181
916 368
29 694
1000 417
229 977
359 870
985 275
786 804
592 91
55 885
294 23
955 843
664 870
541 14
259 717
497 362
117 513
411 902
862 138
208 626
729 48
397 504
790 625
347 857
41 22
829 5
299 986
412 667
630 227
735 933
230 733
822 928
328 420
93 252
616 715
409 603
790 189
979 116
897 825
92 427
827 184
19 999
3 426
334 408
535 343
796 757
253 654
893 695
654 719
813 22
483 847
690 291
399 597
461 188
884 93
977 277
903 37
954 953
341 742
395 274
345 739
698 153
833 886
816 100
92 745
340 894
141 891
366 250
759 609
834 659
618 291
727 135
128 469
594 312
371 721
871 676
786 614
513 806
151 696
578 708
595 734
635 925
85 436
233 609
507 14
894 622
829 565
151 553
962 214
123 94
659 234
644 382
169 794
209 521
545 215
363 476
658 948
477 119
42 187
964 798
948 187
787 255
57 93
120 812
156 982
815 186
981 174
858 998
17 9
625 380
336 228
904 799
870 606
961 850
448 139
165 751
550 275
786 351
883 737
581 332
900 747
923 154
618 710
435 548
899 405
991 571
650 789
12 106
433 59
137 56
883 575
221 188
480 122
460 96
79 84
664 568
239 456
336 158
794 391
430 971
489 141
288 992
788 729
92 62
220 491
914 948
799 59
358 345
152 758
862 985
478 966
172 21
768 820
876 813
290 72
827 275
920 239
745 126
996 786
380 967
881 622
94 877
777 955
32 758
581 657
949 157
971 637
937 701
285 229
358 997
659 296
648 567
223 297
540 637
371 602
428 755
379 103
551 95
223 190
941 811
969 846
551 44
730 245
653 540
1000 264
514 866
365 362
520 303
791 397
84 502
854 214
235 642
625 839
491 284
53 573
791 739
169 16
958 272
198 165
352 533
558 581
501 124
54 998
737 678
538 433
810 442
574 467
623 866
239 665
259 193
740 581
969 484
733 323
951 268
99 37
59 380
761 10
390 516
619 100
20 513
314 802
63 685
101 634
985 247
802 591
974 881
6 967
619 386
512 600
331 243
849 505
427 815
563 587
638 13
489 506
197 969
788 364
680 429
81 160
160 452
428 147
671 209
361 176
146 988
964 33
976 915
557 234
595 971
500 525
756 382
906 782
232 50
750 612
255 862
293 637
976 177
774 4
977 136
377 964
820 834
323 298
381 608
552 788
906 279
172 1
547 539
856 517
677 569
132 98
354 206
672 151
854 131
359 547
666 957
463 961
30 976
109 841
496 402
173 556
959 605
321 857
765 798
434 75
916 768
900 397
618 391
98 45
338 508
874 730
278 263
881 80
787 949
344 149
106 557
326 101
775 191
352 672
919 16
338 399
46 164
286 759
733 310
330 251
478 435
923 322
728 938
302 125
840 548
178 439
676 138
666 480
832 920
12 50
840 435
70 376
951 385
185 738
239 403
274 885
404 836
850 276
709 95
693 890
289 524
438 111
633 333
515 881
930 764
417 416
456 154
280 1000
708 424
881 422
612 588
72 740
158 24
604 248
129 822
252 850
966 770
788 102
241 343
367 243
582 818
473 260
848 456
556 921
705 625
858 145
577 365
995 280
741 228
669 71
946 716
307 826
56 122
221 832
901 374
260 396
482 300
924 187
838 977
410 994
89 246
342 768
754 192
848 133
80 287
138 755
692 62
565 296
624 732
161 690
238 576
296 327
978 863
26 624
853 109
359 724
715 68
202 145
187 559
9 735
557 965
601 109
412 660
188 435
631 857
491 862
584 49
735 815
884 619
960 130
829 182
743 272
532 987
558 863
374 724
26 963
747 98
487 423
110 870
311 940
809 331
495 936
166 760
427 568
712 666
606 826
775 827
724 801
319 240
547 296
426 927
55 65
771 912
775 840
888 42
720 675
681 931
632 47
499 248
449 979
780 817
153 135
312 469
522 528
704 635
544 768
542 783
559 951
599 874
730 759
603 367
72 501
438 260
684 36
924 731
154 711
998 460
730 870
233 838
54 340
347 218
811 171
134 156
360 95
790 16
234 696
459 277
668 583
975 837
379 90
696 776
492 475
256 441
919 694
31 137
80 221
618 597
303 349
513 560
976 423
600 482
209 520
247 240
104 354
838 573
894 841
645 83
705 1000
783 197
94 236
23 304
481 761
544 25
801 430
416 652
109 785
792 727
524 586
896 993
877 79
113 423
968 757
62 616
709 723
862 499
793 520
727 915
446 794
549 203
291 215
970 412
193 745
139 63
362 224
520 942
353 995
177 61
654 569
987 620
257 229
701 738
997 667
154 871
440 584
386 434
426 615
29 522
510 357
2 706
594 104
81 187
577 862
798 358
485 41
330 488
984 840
841 705
627 208
975 650
323 19
217 564
920 31
573 669
940 162
209 168
393 929
747 680
877 761
73 905
630 979
138 887
746 480
498 793
394 108
627 268
275 163
133 65
852 687
617 486
344 382
327 399
476 843
147 989
977 990
961 497
19 279
916 527
831 254
429 716
412 318
402 260
374 72
530 8
53 685
844 360
153 555
749 293
930 897
236 504
459 767
779 952
28 492
577 48
732 632
342 756
36 935
645 523
922 896
580 676
143 882
168 134
408 437
83 117
638 449
219 629
419 23
444 418
338 93
803 253
206 156
962 774
390 295
603 536
710 860
970 761
20 864
657 528
654 823
287 562
194 768
851 455
926 407
855 279
667 35
148 115
206 809
155 809
966 56
803 313
676 521
848 350
884 436
171 451
742 830
695 492
254 612
534 554
292 31
320 694
686 721
115 660
74 877
163 692
204 24
316 674
560 256
678 752
587 551
340 486
367 557
165 818
657 555
108 723
717 807
630 584
939 373
583 834
288 161
509 623
717 952
832 430
460 423
66 874
108 973
655 454
344 120
930 707
625 217
122 523
829 463
316 230
320 225
184 592
352 562
190 618
339 812
732 685
52 591
588 649
511 42
59 445
867 322
960 32
192 212
871 314
435 532
197 455
325 146
733 309
330 248
757 191
280 557
443 971
335 73
541 654
853 652
68 436
207 498
738 348
558 179
740 167
59 8
689 145
374 899
747 167
286 289
324 252
415 199
54 781
258 448
257 45
811 642
546 882
386 459
102 57
183 216
668 952
813 65
125 105
508 343
262 662
318 752
210 297
157 302
765 185
515 149
586 604
716 995
807 436
111 27
814 580
217 620
542 50
206 320
18 406
440 444
995 394
171 188
35 971
524 93
747 769
455 252
536 150
259 529
557 512
355 952
418 823
602 155
983 298
531 925
990 514
555 99
118 457
742 663
502 936
991 184
329 678
701 454
400 676
613 650
757 400
709 843
907 988
583 806
434 283
754 336
151 858
934 167
3 470
703 374
268 357
127 216
787 963
136 719
881 339
1 727
164 165
516 146
424 202
585 945
895 84
336 849
98 272
995 514
529 170
491 803
205 625
940 740
758 871
53 490
801 958
331 779
480 463
870 252
504 453
646 557
573 515
547 184
305 261
271 536
989 371
629 796
557 15
391 979
584 179
413 823
710 567
458 896
920 149
794 754
63 811
945 838
756 256
719 700
280 227
264 552
357 475
881 721
54 341
591 630
206 656
778 49
377 786
488 405
678 606
547 9
316 763
656 812
683 5
948 103
507 241
380 353
329 753
384 542
981 985
449 56
324 872
471 907
702 29
99 40
62 188
203 738
468 38
103 698
429 632
925 659
984 209
894 286
967 504
571 819
409 500
238 703
649 962
306 39
571 529
41 786
120 757
230 334
446 795
662 827
476 202
461 538
80 983
395 884
823 364
40 357
561 261
482 710
361 303
803 192
736 301
267 769
202 729
441 391
353 851
889 769
945 55
231 854
417 510
89 841
456 68
477 498
975 375
906 682
546 405
106 396
822 462
381 22
54 100
951 238
555 705
234 360
609 364
737 407
134 95
584 62
90 811
310 828
135 323
121 811
817 569
569 424
936 105
960 891
405 698
414 552
143 106
630 754
575 87
29 367
160 226
470 259
952 126
471 574
437 409
540 797
320 504
765 534
35 863
933 890
421 86
557 874
778 617
506 78
381 926
360 165
406 54
683 924
389 537
857 929
382 580
662 522
844 361
222 45
272 81
636 523
419 90
696 464
92 553
992 615
216 602
3 40
169 304
597 912
859 58
526 404
118 673
986 665
745 738
945 480
291 242
476 174
442 362
685 478
26 109
554 532
396 431
490 30
680 226
168 278
97 400
791 193
318 872
728 750
767 183
920 384
906 767
181 417
114 418
673 585
823 903
93 742
975 760
551 569
755 98
276 41
738 876
996 344
512 279
986 338
916 121
518 221
149 406
906 51
157 107
177 629
751 71
604 513
422 337
354 635
744 175
925 102
836 327
241 139
740 187
1000 72
677 598
694 732
199 278
592 114
540 754
722 749
852 716
697 452
66 73
378 343
923 852
198 586
787 91
960 613
924 192
347 705
991 40
563 305
302 455
873 649
426 716
291 594
847 617
614 940
541 506
890 204
601 23
948 492
112 68
306 28
516 191
353 671
274 39
279 179
173 460
545 729
857 863
452 645
839 795
788 863
676 984
476 259
560 726
598 582
178 437
892 350
148 621
795 270
28 663
421 93
550 564
935 830
476 33
951 779
957 558
851 23
830 251
241 777
576 270
82 493
513 275
716 830
947 678
480 258
90 961
515 458
582 422
651 58
673 966
746 244
712 60
585 306
750 724
641 96
695 301
128 93
794 526
101 80
817 359
964 210
765 195
509 747
77 39
793 462
8 562
831 130
392 337
873 152
506 595
694 926
932 775
367 866
462 594
87 355
934 280
293 736
276 914
208 952
190 120
411 893
873 954
13 737
730 85
790 955
368 318
539 633
539 314
914 132
869 654
7 755
1000 307
692 393
967 241
215 524
109 9
705 770
283 212
212 758
412 496
624 734
251 457
330 936
493 652
593 614
667 507
782 984
144 796
163 78
148 956
420 185
779 882
412 517
52 556
75 965
149 598
518 833
546 970
227 352
31 918
841 286
329 114
573 207
442 435
813 736
460 904
266 613
163 503
239 576
59 166
336 993
652 177
893 707
83 600
663 275
943 515
656 67
548 113
272 827
608 972
921 33
25 20
903 145
766 13
91 279
423 364
996 562
465 62
11 323
508 372
882 393
367 51
557 159
100 350
172 195
46 604
171 509
464 129
375 885
713 626
509 655
475 771
349 870
571 899
926 142
803 642
57 103
575 173
636 461
104 70
285 143
416 194
859 214
730 831
807 14
169 910
42 388
460 187
961 378
381 663
367 612
939 303
602 495
397 311
950 941
701 489
204 775
307 585
752 271
181 529
882 702
4 254
867 46
208 593
579 610
395 683
527 194
148 993
147 526
244 522
886 201
407 64
869 424
641 800
542 70
550 432
576 795
923 238
65 282
726 721
331 635
369 652
867 413
317 932
727 941
933 362
386 255
336 830
268 868
291 166
440 876
667 771
638 560
373 494
67 591
283 538
286 495
659 915
568 956
405 35
70 465
585 193
657 316
881 532
124 650
986 26
551 647
37 889
832 543
234 361
785 879
381 134
941 161
816 3
275 187
463 365
453 666
4 632
959 384
686 584
210 385
690 593
485 265
416 256
548 553
337 770
817 568
214 200
309 236
517 823
132 363
830 262
479 188
635 954
7 533
213 256
341 827
916 299
294 195
152 728
906 449
584 763
548 926
695 729
403 329
759 394
943 323
235 758
443 209
576 554
672 253
527 177
235 647
496 105
297 104
260 868
875 439
892 527
5 511
969 574
587 123
131 209
175 654
462 16
672 475
126 786
126 590
291 919
255 430
370 900
942 346
594 453
843 307
224 321
611 815
919 126
482 905
46 254
908 237
670 980
175 478
782 690
348 994
751 394
740 792
524 989
426 612
407 552
709 120
858 802
250 639
804 140
201 337
510 165
404 137
996 660
689 196
780 149
763 823
196 476
641 377
769 172
755 839
112 707
976 616
819 923
154 1000
859 887
895 570
395 462
604 96
215 382
805 695
422 997
903 110
300 449
495 422
190 400
7 202
345 585
204 308
685 835
669 350
851 551
121 966
622 358
327 702
534 552
811 245
129 182
171 82
289 131
141 753
555 232
938 240
981 205
835 136
473 463
660 869
94 505
275 193
134 388
63 294
356 316
530 313
804 586
937 457
521 10
423 606
62 234
669 898
528 794
730 144
325 604
967 157
520 462
784 865
368 132
910 7
550 30
701 130
888 887
304 728
533 37
914 205
226 62
183 624
972 475
939 674
97 843
246 144
448 71
22 801
467 312
691 178
642 370
623 899
166 576
261 952
201 19
771 155
622 576
25 285
537 320
508 540
163 427
258 365
41 523
633 225
909 906
513 481
41 243
422 807
524 39
636 591
92 225
404 165
408 32
46 726
674 263
345 651
716 910
453 560
2 648
851 820
500 765
515 944
357 84
931 285
332 790
775 148
229 106
660 180
691 770
898 737
252 893
595 601
834 739
122 689
212 137
802 389
518 73
995 396
531 814
824 292
972 932
938 212
262 666
85 269
432 689
696 990
937 404
186 896
942 871
781 539
229 558
17 938
674 941
640 741
787 118
969 469
627 631
339 639
781 620
123 404
621 109
837 682
611 427
425 106
273 46
679 482
891 792
909 409
724 360
987 690
349 70
934 903
391 266
994 242
904 758
122 297
487 83
221 35
831 958
903 605
779 595
529 168
892 900
82 250
871 62
396 368
272 302
106 845
413 984
999 697
387 527
106 7
567 182
235 425
736 242
789 360
23 544
854 838
139 47
909 575
508 262
864 22
862 993
167 661
993 886
777 673
225 492
651 200
928 819
466 782
177 321
196 187
76 593
426 416
962 622
779 108
708 30
410 761
253 143
785 787
367 163
423 77
744 458
10 50
547 873
389 478
697 410
375 229
603 14
489 610
788 244
884 189
720 226
960 785
547 583
310 739
479 232
541 125
959 210
337 711
968 639
934 404
845 295
976 410
118 299
9 933
948 32
752 433
90 312
623 406
644 265
477 584
902 577
195 991
99 187
959 513
209 619
386 601
239 931
520 21
680 859
916 827
450 887
779 913
112 703
411 309
875 232
362 461
566 911
715 323
780 317
842 66
573 210
943 960
638 424
162 599
953 832
22 459
486 4
269 738
936 801
486 377
300 184
68 172
250 715
509 110
935 598
846 343
993 801
704 444
64 539
598 984
223 444
699 115
499 27
993 914
903 5
231 566
586 515
879 378
528 929
977 390
281 447
275 345
521 593
573 888
189 675
981 583
449 734
487 878
271 909
254 591
938 394
977 160
780 815
746 495
803 636
788 136
310 604
25 732
669 155
484 839
33 249
507 46
439 999
333 678
88 727
576 700
13 953
911 992
414 712
492 216
995 51
736 798
799 899
969 940
30 192
238 639
868 402
726 784
801 591
734 511
477 846
630 188
230 526
396 244
309 823
437 194
413 163
169 310
667 83
615 697
691 89
268 446
509 462
805 225
553 88
348 995
61 450
410 202
303 517
694 453
549 462
782 884
315 456
379 765
950 226
457 911
612 965
331 930
760 48
278 687
67 328
837 340
492 971
590 948
591 357
224 893
668 966
315 662
548 360
915 615
608 211
627 177
918 622
265 997
418 260
437 24
646 932
99 601
850 771
299 11
321 503
746 432
164 923
642 535
648 584
775 337
601 552
394 508
911 177
734 780
620 108
494 325
712 277
885 956
907 566
108 703
643 860
240 463
718 39
256 726
91 240
878 414
964 321
261 235
479 433
174 545
964 707
490 922
507 808
398 169
695 941
554 67
780 295
705 981
599 433
178 879
152 364
643 395
860 899
38 451
166 276
454 230
248 535
246 102
249 194
411 223
348 562
991 562
64 249
892 643
343 777
680 787
292 473
130 492
758 124
282 211
856 244
527 987
749 663
399 952
827 949
726 372
332 48
84 970
839 938
509 323
280 607
282 501
67 633
898 777
731 487
137 38
474 925
770 94
644 571
352 113
796 750
710 812
180 815
12 8
762 198
861 432
367 315
794 507
483 854
492 920
383 557
781 656
298 609
888 129
323 520
881 968
537 4
557 185
318 759
546 330
162 67
298 643
394 190
586 682
39 152
191 45
397 990
829 644
185 124
631 499
109 88
467 870
908 466
892 29
824 293
265 132
597 408
890 554
707 400
510 975
570 684
687 547
88 655
352 772
613 695
445 5
283 214
579 840
811 665
36 550
477 660
117 701
304 886
191 630
784 544
485 917
89 404
911 841
861 526
313 732
485 725
649 858
433 423
910 147
625 331
662 560
991 300
46 318
478 256
705 332
979 285
417 772
509 502
808 83
918 392
905 787
801 962
148 515
900 530
638 284
340 711
71 689
555 824
806 945
297 652
901 206
665 185
888 46
580 300
525 669
620 541
971 921
992 476
42 959
671 845
524 347
376 881
837 300
822 400
950 848
917 132
132 716
81 236
618 413
102 826
410 681
72 505
950 500
828 912
704 750
262 970
447 90
270 449
950 359
807 298
423 221
414 928
375 791
271 985
336 220
748 657
345 162
865 939
94 731
80 209
703 75
942 785
427 324
801 215
949 471
422 121
5 431
906 442
565 231
89 214
659 94
937 256
481 652
672 211
339 651
47 186
395 685
99 908
830 823
173 624
891 807
731 990
574 312
829 45
815 54
729 305
762 869
398 562
572 201
525 372
95 492
409 283
27 836
715 336
191 985
682 299
141 244
913 859
92 358
736 433
535 149
124 371
154 240
504 117
417 514
571 353
257 249
33 594
567 149
399 519
774 465
386 398
975 368
851 190
174 465
819 924
396 635
182 44
920 325
224 850
637 450
655 743
124 763
493 458
497 911
944 202
584 33
397 772
306 987
54 133
458 818
848 374
752 112
298 859
579 486
858 307
392 236
16 716
492 533
555 369
119 761
993 748
280 369
483 298
581 557
683 328
934 294
402 975
155 653
194 429
503 213
252 347
629 497
41 294
938 60
186 953
998 808
964 744
133 898
343 138
899 939
333 903
393 498
199 994
645 196
761 465
152 871
413 107
799 787
729 115
624 887
531 293
680 681
368 181
723 525
527 632
448 125
887 695
28 488
892 751
456 679
701 975
832 2
117 56
210 874
891 545
416 191
329 8
179 973
277 296
374 520
340 648
128 520
596 62
699 323
23 901
651 420
689 873
407 554
999 396
694 474
629 191
33 638
880 619
600 766
996 42
524 140
172 532
680 402
538 784
8 827
976 508
450 496
505 779
162 60
309 443
256 57
718 25
884 257
890 962
745 93
500 124
487 828
146 187
314 466
759 548
742 818
891 468
618 356
255 837
474 28
402 785
425 432
371 652
483 326
105 472
916 346
96 757
545 44
703 50
928 312
367 553
80 153
78 692
484 715
969 877
143 504
700 907
441 536
62 232
320 455
528 796
764 258
970 385
76 856
922 556
170 329
445 81
123 379
910 5
200 992
402 356
848 956
189 108
874 692
183 626
94 59
969 681
974 666
301 276
424 592
14 651
2 211
519 922
685 430
154 22
943 778
454 333
827 805
554 535
296 827
461 735
867 548
726 113
154 185
433 70
876 430
880 937
693 706
365 943
993 142
560 567
661 751
235 694
861 399
866 615
140 730
128 818
614 171
704 485
176 14
802 846
988 933
36 490
873 483
703 658
157 298
394 44
619 259
716 543
146 246
94 927
267 667
336 467
959 373
337 942
484 171
447 33
51 840
134 890
829 841
318 470
546 45
272 942
178 716
881 267
260 506
423 798
157 352
800 799
677 631
768 317
130 794
38 179
80 133
651 584
918 940
959 926
781 618
87 563
705 59
971 68
227 468
50 327
255 258
203 431
421 508
739 113
723 596
939 627
875 375
827 754
992 660
517 338
655 349
50 425
520 857
245 58
173 301
546 969
800 441
984 390
588 848
850 269
61 408
699 831
323 593
178 340
510 1
93 103
221 82
993 57
980 289
379 838
201 158
664 546
112 559
258 335
651 944
270 906
842 401
314 86
315 499
79 330
157 492
121 779
180 947
698 816
875 616
306 677
290 62
627 251
167 868
243 194
245 912
963 221
929 349
246 788
806 645
110 278
523 101
87 193
855 72
474 37
699 932
424 786
483 305
996 250
955 655
639 297
595 740
9 201
247 425
543 652
822 987
967 944
502 793
969 852
859 344
473 5
631 244
582 795
227 18
924 148
85 144
503 353
424 618
702 395
796 478
25 365
446 707
907 863
977 248
92 803
843 93
695 916
535 611
593 566
499 803
902 726
227 496
890 144
230 913
726 778
359 759
571 823
719 924
670 165
762 982
451 853
141 17
109 925
718 821
244 846
849 954
386 984
994 37
558 930
444 198
416 168
933 390
662 844
539 51
212 201
69 192
236 695
697 835
383 416
19 811
25 298
244 858
248 157
671 679
999 26
876 359
969 67
780 836
3 383
614 439
463 361
49 493
983 614
991 967
633 159
11 937
619 412
270 870
400 736
384 229
904 493
409 854
102 965
818 394
381 18
111 889
936 577
797 512
673 530
655 742
180 518
987 190
93 527
385 382
498 417
963 185
391 832
506 948
401 341
825 824
225 744
640 99
868 969
310 482
761 916
812 752
262 721
303 399
511 616
441 658
100 177
691 622
838 899
285 769
200 743
455 81
807 956
143 276
596 544
246 489
230 802
639 578
964 888
995 898
249 292
212 408
568 432
183 617
238 748
957 66
316 78
373 907
355 432
50 414
503 536
987 899
967 361
974 703
465 925
313 607
848 654
667 194
154 51
49 303
303 662
960 680
435 518
776 586
690 48
344 472
196 313
913 727
818 522
131 686
685 363
780 853
154 213
547 278
585 175
788 532
760 195
188 948
483 828
266 794
684 308
496 869
922 321
685 926
978 168
724 580
798 327
91 449
573 809
686 504
73 991
685 832
411 631
525 791
825 965
533 508
831 251
247 480
751 638
845 395
42 456
351 326
479 157
48 617
380 310
882 912
890 391
601 968
217 132
165 2
984 860
657 959
515 553
532 393
94 286
151 845
613 738
375 275
290 895
413 195
299 170
463 892
815 139
178 252
454 17
257 715
151 19
89 344
184 708
439 276
944 922
585 920
899 66
439 389
6 744
596 248
230 266
396 504
165 693
774 749
701 835
667 863
960 195
303 539
897 726
779 222
276 234
809 482
576 403
480 56
494 801
763 871
680 337
2 869
811 761
810 988
723 469
7 500
966 715
842 461
275 580
43 416
746 97
191 835
361 5
328 986
775 207
42 616
837 567
962 521
105 8
361 150
592 534
20 103
168 818
868 675
228 194
543 373
671 320
820 526
587 781
280 311
77 35
284 707
581 595
726 512
747 887
129 554
683 399
521 504
134 325
872 452
786 908
255 969
459 252
223 367
578 362
480 817
655 627
856 632
428 689
627 715
264 77
119 63
229 555
216 326
668 512
698 341
806 181
520 286
795 900
961 444
433 763
768 241
407 203
908 620
53 691
39 572
505 74
35 633
574 645
57 741
539 185
473 336
563 47
21 84
231 357
880 153
37 188
370 971
903 713
406 99
714 16
589 996
371 463
158 400
648 347
144 77
55 185
292 221
974 913
896 195
689 807
762 375
581 209
12 204
129 424
968 377
498 862
662 237
665 191
280 859
779 387
194 737
505 992
803 9
328 103
422 977
423 360
280 970
776 975
63 961
746 69
603 756
305 393
112 925
372 62
389 313
816 27
655 562
644 578
716 572
738 784
82 716
198 970
932 976
385 563
774 55
498 156
195 388
109 310
254 62
51 581
747 992
416 198
380 271
256 447
720 116
61 676
673 34
468 666
159 775
143 386
517 241
846 583
481 529
557 752
155 336
63 379
673 403
341 5
677 507
268 945
528 869
229 720
13 995
288 238
200 938
238 614
294 788
352 199
840 934
535 723
369 934
728 219
378 988
438 626
369 567
117 433
409 360
389 706
175 337
877 407
753 649
960 109
830 158
715 725
737 893
844 951
642 174
88 455
111 565
511 463
295 658
701 651
79 11
45 999
600 290
429 72
954 345
257 255
772 740
561 393
289 718
14 781
589 635
257 104
884 9
341 497
380 760
396 629
348 350
793 255
98 885
447 410
972 555
534 294
684 119
985 120
318 653
154 977
309 470
860 924
313 656
116 960
655 691
788 36
259 846
189 529
636 382
33 13
983 5
733 736
351 365
426 52
280 389
612 70
172 743
599 328
282 518
283 227
982 419
416 960
517 665
935 702
156 898
566 733
934 145
94 178
296 261
938 860
80 620
282 984
429 599
670 687
361 801
89 466
217 261
294 643
364 240
437 794
2 346
97 856
210 729
357 646
653 985
156 727
141 133
254 278
705 250
827 753
3 188
866 908
776 508
287 252
809 635
687 383
567 981
783 776
984 47
609 199
281 993
41 531
63 682
84 663
983 517
701 512
137 957
745 400
837 448
767 771
73 275
901 931
439 868
838 403
116 151
963 374
470 153
645 470
349 535
323 100
253 507
237 534
281 408
300 332
104 853
363 890
905 633
682 564
85 531
